Time,Commanded Pos,Encoder 1 Pos,Encoder 2 Pos,Control Effort
0,0,0,-0.4,0.2
0.009,0.6,0.8,-0.4,0.5
0.018,4.8,5.6,-0.2,0.5
0.027,13,14.8,0,0.5
0.035,25.4,28,0,0.5
0.044,41.2,44.4,0.2,0.5
0.053,60.4,64.2,0.2,0.5
0.062,81.6,85.6,0.2,0.5
0.071,104.8,109,0.2,0.5
0.08,129.2,133.6,0.2,0.5
0.089,154.4,159,0.4,0.5
0.097,179.6,184.2,0.6,0.5
0.106,204.4,208.8,0.6,0.5
0.115,228.2,232.6,0.8,0.5
0.124,251,255,1.6,0.5
0.133,272,275.4,1.8,0.5
0.142,290.8,293.8,2,0.5
0.151,306.8,309.6,2.4,0.5
0.159,320,322.2,2.4,0.5
0.168,330.4,331.6,2.6,0.5
0.177,336.8,338,2.6,0.5
0.186,340.4,340.8,3,0.5
0.195,340.6,340.4,3,0.5
0.204,337.4,336.6,3.2,0.5
0.213,331.6,330.2,3.2,0.5
0.221,323,321.6,3.2,0.5
0.23,313,311,3,0.5
0.239,301.2,299,2.8,0.5
0.248,288.6,286,2.8,0.5
0.257,275,272.4,2.8,0.5
0.266,261.4,258.8,2.8,0.5
0.274,247.8,245.4,2.6,0.5
0.283,235,232.6,2.6,0.5
0.292,222.6,220.4,2.6,0.5
0.301,212,210,2.4,0.5
0.31,202.4,200.8,2.4,0.5
0.319,194.6,193.4,2.4,0.5
0.328,188.4,187.4,2.4,0.5
0.336,183.6,182.8,2.4,0.5
0.345,180.8,180.4,2.4,0.5
0.354,179.6,179.6,2.4,0.5
0.363,180.4,180.6,2.4,0.5
0.372,183,183.4,2.4,0.5
0.381,186.8,187.8,2.4,0.5
0.39,191.8,192.8,2.4,0.5
0.398,197.4,198.6,2.4,0.5
0.407,203.8,204.8,2.4,0.5
0.416,209.8,211,2.4,0.5
0.425,216,217.2,2.6,0.5
0.434,222,223,2.6,0.5
0.443,227.2,227.8,2.6,0.5
0.452,232.2,233,2.6,0.5
0.46,236.6,237.2,2.6,0.5
0.469,239.6,240.4,2.6,0.5
0.478,242.2,242.6,2.6,0.5
0.487,244.2,244.4,2.6,0.5
0.496,244.8,245.2,2.6,0.5
0.505,244.6,244.2,2.6,0.5
0.514,243.6,243.4,2.6,0.5
0.522,242.2,241.8,2.6,0.5
0.531,239.6,239.4,2.6,0.5
0.54,237.4,236.8,2.6,0.5
0.549,234.6,234.2,2.6,0.5
0.558,231.8,231.4,2.6,0.5
0.567,229.6,229.4,2.6,0.5
0.576,227.6,227.4,2.6,0.5
0.584,225.8,225.8,2.6,0.5
0.593,224.8,224.6,2.6,0.5
0.602,224.4,224.4,2.6,0.5
0.611,224.4,224.6,2.6,0.5
0.62,225,225,2.6,0.5
0.629,226,226.2,2.6,0.5
0.638,227.2,227.4,2.6,0.5
0.646,228.6,229,2.6,0.5
0.655,230,230.4,2.6,0.5
0.664,231.8,232.2,2.6,0.5
0.673,233,233.4,2.6,0.5
0.682,234,234,2.6,0.5
0.691,234.6,234.8,2.6,0.5
0.699,235.2,235,2.8,0.5
0.708,235,235,2.8,0.5
0.717,234.6,234.4,2.8,0.5
0.726,233.6,233.6,2.8,0.5
0.735,233,232.8,2.8,0.5
0.744,231.8,231.8,2.8,0.5
0.753,231,230.8,2.8,0.5
0.761,230.4,230.2,2.8,0.5
0.77,229.4,229.4,2.6,0.5
0.779,229.2,229,2.6,0.5
0.788,228.8,228.8,2.6,0.5
0.797,229.2,229.2,2.6,0.5
0.806,229.6,229.6,2.6,0.5
0.815,230,230.4,2.6,0.5
0.823,230.6,230.6,2.6,0.5
0.832,231.4,231.4,2.6,0.5
0.841,232,232,2.6,0.5
0.85,232.6,232.8,2.6,0.5
0.859,232.8,232.8,2.8,0.5
0.868,233,233.2,2.8,0.5
0.877,233,233,2.8,0.5
0.885,233,233,2.8,0.5
0.894,232.6,232.6,2.8,0.5
0.903,232.2,232,2.8,0.5
0.912,231.6,231.6,2.8,0.5
0.921,231.2,231,2.8,0.5
0.93,230.8,230.8,2.8,0.5
0.939,230.4,230.2,2.6,0.5
0.947,230.4,230.4,2.6,0.5
0.956,230.4,230.6,2.6,0.5
0.965,230.6,230.6,2.6,0.5
0.974,230.6,230.6,2.6,0.5
0.983,231.2,231.2,2.6,0.5
0.992,231.8,231.8,2.6,0.5
1.001,231.8,231.8,2.8,0.5
1.009,232.2,232.4,2.8,0.5
1.018,232.6,232.6,2.8,0.5
1.027,232.6,232.6,2.8,0.5
1.036,232.6,232.6,2.8,0.5
1.045,232.4,232.4,2.8,0.5
1.054,232.2,232,2.8,0.5
1.063,231.8,231.8,2.8,0.5
1.071,231.8,231.8,2.8,0.5
1.08,231.4,231.2,2.8,0.5
1.089,231,231,2.8,0.5
1.098,231,231,2.8,0.5
1.107,231,231,2.8,0.5
1.116,231,231,2.8,0.5
1.124,231,231,2.8,0.5
1.133,231.4,231.4,2.8,0.5
1.142,231.8,231.8,2.8,0.5
1.151,231.8,231.8,2.8,0.5
1.16,231.8,231.8,2.8,0.5
1.169,232,232,2.8,0.5
1.178,232.2,232.2,2.8,0.5
1.186,232.2,232.2,2.8,0.5
1.195,232.2,232.2,2.8,0.5
1.204,232.2,232,2.8,0.5
1.213,231.8,231.8,2.8,0.5
1.222,231.8,231.8,2.8,0.5
1.231,231.6,231.6,2.8,0.5
1.24,231.4,231.4,2.8,0.5
1.248,231.6,231.6,2.8,0.5
1.257,231.6,231.6,2.8,0.5
1.266,231.6,231.6,2.8,0.5
1.275,231.6,231.6,2.6,0.5
1.284,231.6,231.6,2.6,0.5
1.293,231.6,231.6,2.6,0.5
1.302,231.6,231.6,2.6,0.5
1.31,231.6,231.6,2.6,0.5
1.319,232,232,2.6,0.5
1.328,232,232,2.6,0.5
1.337,232,232,2.6,0.5
1.346,232,232,2.6,0.5
1.355,232,232,2.6,0.5
1.364,232,232,2.6,0.5
1.372,232,231.8,2.6,0.5
1.381,231.8,231.8,2.6,0.5
1.39,231.8,231.6,2.6,0.5
1.399,231.6,231.6,2.6,0.5
1.408,231.6,231.6,2.6,0.5
1.417,231.6,231.6,2.6,0.5
1.426,231.6,231.6,2.6,0.5
1.434,231.6,231.6,2.6,0.5
1.443,231.6,231.6,2.6,0.5
1.452,231.6,231.8,2.6,0.5
1.461,231.8,232,2.6,0.5
1.47,232,232,2.6,0.5
1.479,232,232,2.6,0.5
1.488,232,232,2.6,0.5
1.496,232,232,2.6,0.5
1.505,232,232,2.6,0.5
1.514,232,232,2.6,0.5
1.523,231.8,231.8,2.6,0.5
1.532,231.8,231.8,2.6,0.5
1.541,231.8,231.8,2.6,0.5
1.549,231.8,231.8,2.6,0.5
1.558,231.8,231.8,2.6,0.5
1.567,231.8,231.8,2.6,0.5
1.576,231.8,231.8,2.6,0.5
1.585,231.8,231.8,2.6,0.5
1.594,231.8,231.8,2.6,0.5
1.603,231.8,232,2.6,0.5
1.611,232,232,2.6,0.5
1.62,232,232,2.6,0.5
1.629,232,232,2.6,0.5
1.638,232,232,2.6,0.5
1.647,232,232,2.6,0.5
1.656,232,232,2.6,0.5
1.665,231.8,231.8,2.6,0.5
1.673,231.8,231.8,2.6,0.5
1.682,231.8,231.8,2.6,0.5
1.691,231.8,231.8,2.6,0.5
1.7,231.8,231.8,2.6,0.5
1.709,231.8,231.8,2.6,0.5
1.718,231.8,231.8,2.6,0.5
1.727,232,232,2.6,0.5
1.735,232,232,2.6,0.5
1.744,232,232,2.6,0.5
1.753,232,232,2.6,0.5
1.762,232,232,2.6,0.5
1.771,232,232,2.6,0.5
1.78,232,232,2.6,0.5
1.789,232,232,2.6,0.5
1.797,232,232,2.6,0.5
1.806,232,232,2.6,0.5
1.815,232,232,2.6,0.5
1.824,232,232,2.6,0.5
1.833,232,232,2.6,0.5
1.842,232,232,2.6,0.5
1.851,232,232,2.6,0.5
1.859,232,232,2.6,0.5
1.868,232,232,2.6,0.5
1.877,232,232,2.6,0.5
1.886,232,232,2.6,0.5
1.895,232,232,2.6,0.5
1.904,232,232,2.6,0.5
1.913,232,232,2.6,0.5
1.921,232,232,2.6,0.5
1.93,232,232,2.6,0.5
1.939,232,232,2.6,0.5
1.948,232,232,2.6,0.5
1.957,232,232,2.6,0.5
1.966,232,232,2.6,0.5
1.974,232,232,2.6,0.5
1.983,232,232,2.6,0.5
1.992,232,232,2.6,0.5
2.001,232,232,2.6,0.3
2.01,230.8,230.2,2.6,0
2.019,225.4,224.2,2.6,0
2.028,215.6,213.8,2.4,0
2.036,202.2,199.4,2.4,0
2.045,185.4,182,2.4,0
2.054,165.6,162,2.4,0
2.063,143.4,139.4,2.4,0
2.072,119.6,115.4,2.4,0
2.081,94.8,90.2,2.4,0
2.09,68.6,63.8,2.2,0
2.098,42.2,37.4,2.2,0
2.107,16.2,11.8,1.8,0
2.116,-9,-13.4,1.4,0
2.125,-31.8,-35.8,1.4,0
2.134,-52.6,-56.2,1.4,0
2.143,-70.6,-73.4,1.4,0
2.152,-85,-87.2,1.4,0
2.16,-95.4,-97,1.2,0
2.169,-102.2,-103,1.2,0
2.178,-105.4,-105.6,1.2,0
2.187,-103.6,-103,1.2,0
2.196,-98.2,-97.2,1,0
2.205,-89.8,-88,1,0
2.214,-78.8,-76.6,1.2,0
2.222,-65,-62.6,1.2,0
2.231,-49.8,-47.2,1.2,0
2.24,-33.4,-30.2,1.2,0
2.249,-16,-12.8,1.2,0
2.258,1.4,4.6,1.6,0
2.267,18.6,21.4,1.8,0
2.276,34.4,37.2,2.2,0
2.284,49,51.2,2.2,0
2.293,61.6,64,2.2,0
2.302,72.4,74.2,2.2,0
2.311,80.8,82,2.2,0
2.32,86.4,87.2,2.2,0
2.329,89.4,89.6,2.2,0
2.338,89.4,89.4,2.2,0
2.346,87,86.8,2.2,0
2.355,82.4,81.6,2.2,0
2.364,76,74.8,2.2,0
2.373,67.8,66.2,2.2,0
2.382,58.4,56.6,2.2,0
2.391,48,46.2,2.2,0
2.399,37.8,36,2,0
2.408,27.4,25.6,2,0
2.417,17.2,15.4,1.8,0
2.426,7.8,6,1.6,0
2.435,-0.8,-2.4,1.4,0
2.444,-8.4,-9.4,1.4,0
2.453,-14.4,-15.2,1.4,0
2.461,-19.2,-19.8,1.4,0
2.47,-22,-22.4,1.4,0
2.479,-22.8,-23,1.4,0
2.488,-22,-21.6,1.4,0
2.497,-19.6,-18.8,1.4,0
2.506,-15.8,-15,1.4,0
2.515,-11,-10,1.4,0
2.523,-5.8,-4.6,1.4,0
2.532,-0.2,0.8,1.4,0
2.541,5.6,6.6,1.6,0
2.55,11,12,1.6,0
2.559,16.6,17.4,1.6,0
2.568,21.2,21.8,1.6,0
2.577,24.8,25.6,1.8,0
2.585,28,28.4,1.8,0
2.594,29.8,30.2,1.8,0
2.603,30.8,30.8,1.8,0
2.612,30.6,30.6,1.8,0
2.621,29.8,29.4,1.8,0
2.63,28,27.6,1.8,0
2.639,25.2,25,1.8,0
2.647,22.6,22,1.8,0
2.656,19.6,19.2,1.8,0
2.665,16.6,16,1.8,0
2.674,14,13.4,1.8,0
2.683,11.4,11,1.8,0
2.692,9.2,9,1.8,0
2.701,7.6,7.2,1.8,0
2.709,6.6,6.4,1.4,0
2.718,6.4,6.2,1.4,0
2.727,6.8,6.8,1.4,0
2.736,7.2,7.6,1.4,0
2.745,8.6,8.8,1.6,0
2.754,10,10.4,1.6,0
2.763,11.6,12,1.6,0
2.771,13.4,13.4,1.6,0
2.78,15,15.2,1.6,0
2.789,16.2,16.4,1.6,0
2.798,17,17.4,1.8,0
2.807,18,18,1.8,0
2.816,17.8,18,1.8,0
2.824,18.2,17.8,1.8,0
2.833,17.4,17.2,1.8,0
2.842,17,16.8,1.8,0
2.851,15.8,15.6,1.8,0
2.86,14.8,14.6,1.8,0
2.869,13.6,13.6,1.8,0
2.878,12.6,12.6,1.8,0
2.886,12,11.8,1.8,0
2.895,11.4,11.4,1.8,0
2.904,11.4,11,1.8,0
2.913,11,11,1.8,0
2.922,11.6,11.6,1.8,0
2.931,12,12,1.8,0
2.94,12.8,13,1.8,0
2.948,13.4,13.4,1.8,0
2.957,14.4,14.4,1.8,0
2.966,15,15,1.8,0
2.975,15.2,15.4,1.8,0
2.984,15.8,15.6,1.8,0
2.993,15.6,15.6,1.8,0
3.002,15.6,15.6,1.8,0
3.01,15.2,15.2,1.8,0
3.019,15,14.6,1.8,0
3.028,14.2,14.2,1.8,0
3.037,14,13.8,1.8,0
3.046,13.2,13.2,1.8,0
3.055,12.6,12.6,1.8,0
3.064,12.6,12.6,1.8,0
3.072,12.4,12.4,1.8,0
3.081,12.4,12.4,1.8,0
3.09,12.6,12.8,1.8,0
3.099,12.8,12.8,1.8,0
3.108,13.4,13.4,1.8,0
3.117,14,14,1.8,0
3.126,14.2,14.2,1.8,0
3.134,14.6,14.8,1.8,0
3.143,14.8,14.8,1.8,0
3.152,15,15,1.8,0
3.161,14.8,14.8,1.8,0
3.17,14.6,14.6,1.8,0
3.179,14.4,14.4,1.8,0
3.188,14,14,1.8,0
3.196,13.8,13.8,1.8,0
3.205,13.4,13.4,1.8,0
3.214,13.4,13.2,1.8,0
3.223,12.8,12.8,1.8,0
3.232,12.8,12.8,1.8,0
3.241,12.8,12.8,1.8,0
3.249,13.2,13.2,1.8,0
3.258,13.2,13.4,1.8,0
3.267,13.8,13.8,1.8,0
3.276,14.2,14.2,1.8,0
3.285,14.2,14.2,1.8,0
3.294,14.4,14.4,1.8,0
3.303,14.4,14.4,1.8,0
3.311,14.6,14.6,1.8,0
3.32,14.6,14.6,1.8,0
3.329,14.2,14.2,1.8,0
3.338,13.8,13.8,1.8,0
3.347,13.8,13.8,2,0
3.356,13.6,13.6,2,0
3.365,13.4,13.4,2,0
3.373,13.4,13.4,2,0
3.382,13.4,13.4,2,0
3.391,13.4,13.4,2,0
3.4,13.6,13.6,2,0
3.409,13.6,13.6,2,0
3.418,13.8,13.8,2,0
3.427,13.8,13.8,2,0
3.435,14,14,2,0
3.444,14,14,2,0
3.453,14,14,2,0
3.462,14,14,2,0
3.471,14,14,2,0
3.48,14,14,2,0
3.489,13.8,13.8,2,0
3.497,13.8,13.8,2,0
3.506,13.6,13.6,2,0
3.515,13.4,13.4,2,0
3.524,13.4,13.4,2,0
3.533,13.4,13.4,2,0
3.542,13.4,13.6,2,0
3.551,13.8,13.8,2,0
3.559,13.8,13.8,2,0
3.568,13.8,13.8,2,0
3.577,13.8,13.8,2,0
3.586,14,14,2,0
3.595,14,14,2,0
3.604,14,14,2,0
3.613,14,14,2,0
3.621,14,14,2,0
3.63,14,14,2,0
3.639,14,13.8,2,0
3.648,13.6,13.6,2,0
3.657,13.6,13.6,2,0
3.666,13.6,13.6,2,0
3.674,13.6,13.6,2,0
3.683,13.8,13.8,2,0
3.692,13.8,13.8,2,0
3.701,13.8,13.8,2,0
3.71,13.8,13.8,2,0
3.719,13.8,13.8,2,0
3.728,13.8,13.8,2,0
3.736,13.8,13.8,2,0
3.745,14,14,2,0
3.754,14,14,2,0
3.763,14,14,2,0
3.772,13.8,13.8,2,0
3.781,13.8,13.8,2,0
3.79,13.8,13.8,2,0
3.798,13.8,13.8,1.8,0
3.807,13.8,13.8,1.8,0
3.816,13.8,13.8,1.8,0
3.825,13.8,13.8,1.8,0
3.834,13.8,13.8,1.8,0
3.843,13.8,13.8,1.8,0
3.852,13.8,13.8,1.8,0
3.86,13.8,13.8,1.8,0
3.869,13.8,13.8,1.8,0
3.878,13.8,13.8,1.8,0
3.887,13.8,13.8,1.8,0
3.896,13.8,13.8,1.8,0
3.905,13.8,13.8,1.8,0
3.914,13.8,13.8,1.8,0
3.922,13.8,13.8,1.8,0
3.931,13.8,13.8,1.8,0
3.94,13.8,13.8,1.8,0
3.949,13.8,13.8,1.8,0
3.958,13.8,13.8,1.8,0
3.967,13.8,13.8,1.8,0
3.976,13.8,13.8,1.8,0
3.984,13.8,13.8,1.8,0
