 Sample   Time     Commanded Pos   Encoder 1 Pos   Encoder 2 Pos   Control Effort

[    0    0.000               0               0               0          0.0000;
     1    0.009               0               1               0          0.5000;
     2    0.018               4               5               0          0.5000;
     3    0.027              11              14               0          0.5000;
     4    0.035              23              27               0          0.5000;
     5    0.044              38              43               0          0.5000;
     6    0.053              56              63               0          0.5000;
     7    0.062              78              84               0          0.5000;
     8    0.071             101             108               0          0.5000;
     9    0.080             126             133               0          0.5000;
    10    0.089             151             159               1          0.5000;
    11    0.097             177             184               1          0.5000;
    12    0.106             202             210               1          0.5000;
    13    0.115             227             235               1          0.5000;
    14    0.124             251             258               2          0.5000;
    15    0.133             274             280               2          0.5000;
    16    0.142             294             299               2          0.5000;
    17    0.151             311             316               2          0.5000;
    18    0.159             326             330               2          0.5000;
    19    0.168             338             340               2          0.5000;
    20    0.177             346             348               2          0.5000;
    21    0.186             351             352               3          0.5000;
    22    0.195             352             352               3          0.5000;
    23    0.204             350             349               3          0.5000;
    24    0.213             346             344               3          0.5000;
    25    0.221             338             336               3          0.5000;
    26    0.230             329             326               3          0.5000;
    27    0.239             318             314               2          0.5000;
    28    0.248             305             301               2          0.5000;
    29    0.257             291             287               2          0.5000;
    30    0.266             278             273               2          0.5000;
    31    0.274             263             259               2          0.5000;
    32    0.283             250             245               2          0.5000;
    33    0.292             236             232               2          0.5000;
    34    0.301             224             220               2          0.5000;
    35    0.310             213             210               2          0.5000;
    36    0.319             204             202               2          0.5000;
    37    0.328             197             195               2          0.5000;
    38    0.336             191             190               2          0.5000;
    39    0.345             188             188               2          0.5000;
    40    0.354             187             187               2          0.5000;
    41    0.363             188             189               2          0.5000;
    42    0.372             191             192               2          0.5000;
    43    0.381             196             198               2          0.5000;
    44    0.390             202             204               2          0.5000;
    45    0.398             208             211               2          0.5000;
    46    0.407             216             218               2          0.5000;
    47    0.416             224             226               2          0.5000;
    48    0.425             231             234               2          0.5000;
    49    0.434             239             241               2          0.5000;
    50    0.443             246             247               2          0.5000;
    51    0.452             252             253               2          0.5000;
    52    0.460             257             258               2          0.5000;
    53    0.469             261             262               2          0.5000;
    54    0.478             264             264               2          0.5000;
    55    0.487             266             266               2          0.5000;
    56    0.496             266             266               2          0.5000;
    57    0.505             265             264               2          0.5000;
    58    0.514             263             262               2          0.5000;
    59    0.522             260             259               2          0.5000;
    60    0.531             257             256               2          0.5000;
    61    0.540             253             252               2          0.5000;
    62    0.549             249             248               2          0.5000;
    63    0.558             245             244               2          0.5000;
    64    0.567             242             241               2          0.5000;
    65    0.576             239             238               2          0.5000;
    66    0.584             236             236               2          0.5000;
    67    0.593             235             234               2          0.5000;
    68    0.602             234             234               2          0.5000;
    69    0.611             234             234               2          0.5000;
    70    0.620             234             234               2          0.5000;
    71    0.629             235             236               2          0.5000;
    72    0.638             237             238               2          0.5000;
    73    0.646             239             240               2          0.5000;
    74    0.655             241             242               2          0.5000;
    75    0.664             243             244               2          0.5000;
    76    0.673             245             246               2          0.5000;
    77    0.682             247             247               2          0.5000;
    78    0.691             248             248               2          0.5000;
    79    0.699             249             249               2          0.5000;
    80    0.708             249             249               2          0.5000;
    81    0.717             249             249               2          0.5000;
    82    0.726             248             248               2          0.5000;
    83    0.735             247             247               2          0.5000;
    84    0.744             246             246               2          0.5000;
    85    0.753             245             244               2          0.5000;
    86    0.761             244             243               2          0.5000;
    87    0.770             242             242               2          0.5000;
    88    0.779             242             241               2          0.5000;
    89    0.788             241             241               2          0.5000;
    90    0.797             241             241               2          0.5000;
    91    0.806             241             241               2          0.5000;
    92    0.815             241             242               2          0.5000;
    93    0.823             242             242               2          0.5000;
    94    0.832             243             243               2          0.5000;
    95    0.841             244             244               2          0.5000;
    96    0.850             245             245               2          0.5000;
    97    0.859             246             246               2          0.5000;
    98    0.868             246             246               2          0.5000;
    99    0.877             246             246               2          0.5000;
   100    0.885             246             246               2          0.5000;
   101    0.894             246             246               2          0.5000;
   102    0.903             246             246               2          0.5000;
   103    0.912             245             245               2          0.5000;
   104    0.921             244             244               2          0.5000;
   105    0.930             244             244               2          0.5000;
   106    0.939             243             243               2          0.5000;
   107    0.947             243             243               2          0.5000;
   108    0.956             243             243               2          0.5000;
   109    0.965             243             243               2          0.5000;
   110    0.974             243             243               2          0.5000;
   111    0.983             243             243               2          0.5000;
   112    0.992             244             244               2          0.5000;
   113    1.001             244             244               2          0.5000;
   114    1.009             245             245               2          0.5000;
   115    1.018             245             245               2          0.5000;
   116    1.027             246             246               2          0.5000;
   117    1.036             246             246               2          0.5000;
   118    1.045             246             246               2          0.5000;
   119    1.054             246             245               2          0.5000;
   120    1.063             245             245               2          0.5000;
   121    1.071             245             245               2          0.5000;
   122    1.080             244             244               2          0.5000;
   123    1.089             244             244               2          0.5000;
   124    1.098             244             244               2          0.5000;
   125    1.107             243             243               2          0.5000;
   126    1.116             243             243               2          0.5000;
   127    1.124             243             243               2          0.5000;
   128    1.133             244             244               2          0.5000;
   129    1.142             244             244               2          0.5000;
   130    1.151             244             244               2          0.5000;
   131    1.160             244             244               2          0.5000;
   132    1.169             245             245               2          0.5000;
   133    1.178             245             245               2          0.5000;
   134    1.186             245             245               2          0.5000;
   135    1.195             245             245               2          0.5000;
   136    1.204             245             245               2          0.5000;
   137    1.213             245             245               2          0.5000;
   138    1.222             245             245               2          0.5000;
   139    1.231             244             244               2          0.5000;
   140    1.240             244             244               2          0.5000;
   141    1.248             244             244               2          0.5000;
   142    1.257             244             244               2          0.5000;
   143    1.266             244             244               2          0.5000;
   144    1.275             244             244               2          0.5000;
   145    1.284             244             244               2          0.5000;
   146    1.293             244             244               2          0.5000;
   147    1.302             244             244               2          0.5000;
   148    1.310             244             244               2          0.5000;
   149    1.319             245             245               2          0.5000;
   150    1.328             245             245               2          0.5000;
   151    1.337             245             245               2          0.5000;
   152    1.346             245             245               2          0.5000;
   153    1.355             245             245               2          0.5000;
   154    1.364             245             245               2          0.5000;
   155    1.372             245             244               2          0.5000;
   156    1.381             244             244               2          0.5000;
   157    1.390             244             244               2          0.5000;
   158    1.399             244             244               2          0.5000;
   159    1.408             244             244               2          0.5000;
   160    1.417             244             244               2          0.5000;
   161    1.426             244             244               2          0.5000;
   162    1.434             244             244               2          0.5000;
   163    1.443             244             244               2          0.5000;
   164    1.452             244             244               2          0.5000;
   165    1.461             244             245               2          0.5000;
   166    1.470             245             245               2          0.5000;
   167    1.479             245             245               2          0.5000;
   168    1.488             245             245               2          0.5000;
   169    1.496             245             245               2          0.5000;
   170    1.505             245             245               2          0.5000;
   171    1.514             245             245               2          0.5000;
   172    1.523             244             244               2          0.5000;
   173    1.532             244             244               2          0.5000;
   174    1.541             244             244               2          0.5000;
   175    1.549             244             244               2          0.5000;
   176    1.558             244             244               2          0.5000;
   177    1.567             244             244               2          0.5000;
   178    1.576             244             244               2          0.5000;
   179    1.585             244             244               2          0.5000;
   180    1.594             244             244               2          0.5000;
   181    1.603             244             245               2          0.5000;
   182    1.611             245             245               2          0.5000;
   183    1.620             245             245               2          0.5000;
   184    1.629             245             245               2          0.5000;
   185    1.638             245             245               2          0.5000;
   186    1.647             245             245               2          0.5000;
   187    1.656             245             245               2          0.5000;
   188    1.665             244             244               2          0.5000;
   189    1.673             244             244               2          0.5000;
   190    1.682             244             244               2          0.5000;
   191    1.691             244             244               2          0.5000;
   192    1.700             244             244               2          0.5000;
   193    1.709             244             244               2          0.5000;
   194    1.718             244             244               2          0.5000;
   195    1.727             245             245               2          0.5000;
   196    1.735             245             245               2          0.5000;
   197    1.744             245             245               2          0.5000;
   198    1.753             245             245               2          0.5000;
   199    1.762             245             245               2          0.5000;
   200    1.771             245             245               2          0.5000;
   201    1.780             245             245               2          0.5000;
   202    1.789             245             245               2          0.5000;
   203    1.797             245             245               2          0.5000;
   204    1.806             245             245               2          0.5000;
   205    1.815             245             245               2          0.5000;
   206    1.824             245             245               2          0.5000;
   207    1.833             245             245               2          0.5000;
   208    1.842             245             245               2          0.5000;
   209    1.851             245             245               2          0.5000;
   210    1.859             245             245               2          0.5000;
   211    1.868             245             245               2          0.5000;
   212    1.877             245             245               2          0.5000;
   213    1.886             245             245               2          0.5000;
   214    1.895             245             245               2          0.5000;
   215    1.904             245             245               2          0.5000;
   216    1.913             245             245               2          0.5000;
   217    1.921             245             245               2          0.5000;
   218    1.930             245             245               2          0.5000;
   219    1.939             245             245               2          0.5000;
   220    1.948             245             245               2          0.5000;
   221    1.957             245             245               2          0.5000;
   222    1.966             245             245               2          0.5000;
   223    1.974             245             245               2          0.5000;
   224    1.983             245             245               2          0.5000;
   225    1.992             245             245               2          0.5000;
   226    2.001             245             245               2          0.5000;
   227    2.010             244             243               2          0.0000;
   228    2.019             239             237               2          0.0000;
   229    2.028             230             227               2          0.0000;
   230    2.036             217             212               2          0.0000;
   231    2.045             200             194               2          0.0000;
   232    2.054             180             173               2          0.0000;
   233    2.063             157             150               2          0.0000;
   234    2.072             132             125               2          0.0000;
   235    2.081             107              99               2          0.0000;
   236    2.090              80              72               2          0.0000;
   237    2.098              53              45               2          0.0000;
   238    2.107              26              19               1          0.0000;
   239    2.116               0              -7               1          0.0000;
   240    2.125             -24             -31               1          0.0000;
   241    2.134             -46             -52               1          0.0000;
   242    2.143             -65             -70               1          0.0000;
   243    2.152             -81             -85               1          0.0000;
   244    2.160             -93             -95               1          0.0000;
   245    2.169            -101            -102               1          0.0000;
   246    2.178            -105            -105               1          0.0000;
   247    2.187            -105            -103               1          0.0000;
   248    2.196             -99             -97               1          0.0000;
   249    2.205             -91             -88               1          0.0000;
   250    2.214             -80             -76               1          0.0000;
   251    2.222             -66             -62               1          0.0000;
   252    2.231             -51             -46               1          0.0000;
   253    2.240             -34             -28               1          0.0000;
   254    2.249             -16             -10               1          0.0000;
   255    2.258               2               8               1          0.0000;
   256    2.267              20              25               1          0.0000;
   257    2.276              37              42               2          0.0000;
   258    2.284              52              56               2          0.0000;
   259    2.293              66              70               2          0.0000;
   260    2.302              77              80               2          0.0000;
   261    2.311              87              89               2          0.0000;
   262    2.320              93              94               2          0.0000;
   263    2.329              97              98               2          0.0000;
   264    2.338              98              98               2          0.0000;
   265    2.346              96              96               2          0.0000;
   266    2.355              92              91               2          0.0000;
   267    2.364              86              84               2          0.0000;
   268    2.373              79              76               2          0.0000;
   269    2.382              70              67               2          0.0000;
   270    2.391              59              56               2          0.0000;
   271    2.399              49              46               2          0.0000;
   272    2.408              38              35               2          0.0000;
   273    2.417              27              24               1          0.0000;
   274    2.426              17              14               1          0.0000;
   275    2.435               7               5               1          0.0000;
   276    2.444              -1              -3               1          0.0000;
   277    2.453              -8             -10               1          0.0000;
   278    2.461             -14             -15               1          0.0000;
   279    2.470             -18             -19               1          0.0000;
   280    2.479             -20             -21               1          0.0000;
   281    2.488             -21             -21               1          0.0000;
   282    2.497             -19             -18               1          0.0000;
   283    2.506             -16             -15               1          0.0000;
   284    2.515             -12             -10               1          0.0000;
   285    2.523              -7              -5               1          0.0000;
   286    2.532              -1               0               1          0.0000;
   287    2.541               5               6               1          0.0000;
   288    2.550              11              12               1          0.0000;
   289    2.559              16              18               1          0.0000;
   290    2.568              22              23               1          0.0000;
   291    2.577              26              27               1          0.0000;
   292    2.585              30              31               1          0.0000;
   293    2.594              33              34               1          0.0000;
   294    2.603              35              35               1          0.0000;
   295    2.612              36              36               1          0.0000;
   296    2.621              36              35               1          0.0000;
   297    2.630              35              34               1          0.0000;
   298    2.639              32              32               1          0.0000;
   299    2.647              30              29               1          0.0000;
   300    2.656              27              26               1          0.0000;
   301    2.665              24              23               1          0.0000;
   302    2.674              21              20               1          0.0000;
   303    2.683              18              17               1          0.0000;
   304    2.692              15              15               1          0.0000;
   305    2.701              13              12               1          0.0000;
   306    2.709              12              11               1          0.0000;
   307    2.718              11              10               1          0.0000;
   308    2.727              10              10               1          0.0000;
   309    2.736              11              11               1          0.0000;
   310    2.745              11              12               1          0.0000;
   311    2.754              12              13               1          0.0000;
   312    2.763              14              15               1          0.0000;
   313    2.771              16              16               1          0.0000;
   314    2.780              18              18               1          0.0000;
   315    2.789              19              20               1          0.0000;
   316    2.798              20              21               1          0.0000;
   317    2.807              22              22               1          0.0000;
   318    2.816              22              22               1          0.0000;
   319    2.824              23              23               1          0.0000;
   320    2.833              22              22               1          0.0000;
   321    2.842              22              22               1          0.0000;
   322    2.851              21              21               1          0.0000;
   323    2.860              20              20               1          0.0000;
   324    2.869              19              19               1          0.0000;
   325    2.878              18              18               1          0.0000;
   326    2.886              17              17               1          0.0000;
   327    2.895              16              16               1          0.0000;
   328    2.904              16              15               1          0.0000;
   329    2.913              15              15               1          0.0000;
   330    2.922              15              15               1          0.0000;
   331    2.931              16              16               1          0.0000;
   332    2.940              16              16               1          0.0000;
   333    2.948              17              17               1          0.0000;
   334    2.957              18              18               1          0.0000;
   335    2.966              19              19               1          0.0000;
   336    2.975              19              19               1          0.0000;
   337    2.984              20              20               1          0.0000;
   338    2.993              20              20               1          0.0000;
   339    3.002              20              20               1          0.0000;
   340    3.010              20              20               1          0.0000;
   341    3.019              20              19               1          0.0000;
   342    3.028              19              19               1          0.0000;
   343    3.037              19              18               1          0.0000;
   344    3.046              18              18               1          0.0000;
   345    3.055              17              17               1          0.0000;
   346    3.064              17              17               1          0.0000;
   347    3.072              17              17               1          0.0000;
   348    3.081              16              16               1          0.0000;
   349    3.090              17              17               1          0.0000;
   350    3.099              17              17               1          0.0000;
   351    3.108              17              17               1          0.0000;
   352    3.117              18              18               1          0.0000;
   353    3.126              18              18               1          0.0000;
   354    3.134              19              19               1          0.0000;
   355    3.143              19              19               1          0.0000;
   356    3.152              19              19               1          0.0000;
   357    3.161              19              19               1          0.0000;
   358    3.170              19              19               1          0.0000;
   359    3.179              19              19               1          0.0000;
   360    3.188              19              19               1          0.0000;
   361    3.196              18              18               1          0.0000;
   362    3.205              18              18               1          0.0000;
   363    3.214              18              18               1          0.0000;
   364    3.223              17              17               1          0.0000;
   365    3.232              17              17               1          0.0000;
   366    3.241              17              17               1          0.0000;
   367    3.249              17              17               1          0.0000;
   368    3.258              17              18               1          0.0000;
   369    3.267              18              18               1          0.0000;
   370    3.276              18              18               1          0.0000;
   371    3.285              18              18               1          0.0000;
   372    3.294              18              18               1          0.0000;
   373    3.303              19              19               1          0.0000;
   374    3.311              19              19               1          0.0000;
   375    3.320              19              19               1          0.0000;
   376    3.329              19              19               1          0.0000;
   377    3.338              18              18               1          0.0000;
   378    3.347              18              18               1          0.0000;
   379    3.356              18              18               1          0.0000;
   380    3.365              18              18               1          0.0000;
   381    3.373              18              18               1          0.0000;
   382    3.382              18              18               1          0.0000;
   383    3.391              18              18               1          0.0000;
   384    3.400              18              18               1          0.0000;
   385    3.409              18              18               1          0.0000;
   386    3.418              18              18               1          0.0000;
   387    3.427              18              18               1          0.0000;
   388    3.435              18              18               1          0.0000;
   389    3.444              18              18               1          0.0000;
   390    3.453              18              18               1          0.0000;
   391    3.462              18              18               1          0.0000;
   392    3.471              18              18               1          0.0000;
   393    3.480              18              18               1          0.0000;
   394    3.489              18              18               1          0.0000;
   395    3.497              18              18               1          0.0000;
   396    3.506              18              18               1          0.0000;
   397    3.515              18              18               1          0.0000;
   398    3.524              18              18               1          0.0000;
   399    3.533              18              18               1          0.0000;
   400    3.542              18              18               1          0.0000;
   401    3.551              18              18               1          0.0000;
   402    3.559              18              18               1          0.0000;
   403    3.568              18              18               1          0.0000;
   404    3.577              18              18               1          0.0000;
   405    3.586              18              18               1          0.0000;
   406    3.595              18              18               1          0.0000;
   407    3.604              18              18               1          0.0000;
   408    3.613              18              18               1          0.0000;
   409    3.621              18              18               1          0.0000;
   410    3.630              18              18               1          0.0000;
   411    3.639              18              18               1          0.0000;
   412    3.648              18              18               1          0.0000;
   413    3.657              18              18               1          0.0000;
   414    3.666              18              18               1          0.0000;
   415    3.674              18              18               1          0.0000;
   416    3.683              18              18               1          0.0000;
   417    3.692              18              18               1          0.0000;
   418    3.701              18              18               1          0.0000;
   419    3.710              18              18               1          0.0000;
   420    3.719              18              18               1          0.0000;
   421    3.728              18              18               1          0.0000;
   422    3.736              18              18               1          0.0000;
   423    3.745              18              18               1          0.0000;
   424    3.754              18              18               1          0.0000;
   425    3.763              18              18               1          0.0000;
   426    3.772              18              18               1          0.0000;
   427    3.781              18              18               1          0.0000;
   428    3.790              18              18               1          0.0000;
   429    3.798              18              18               1          0.0000;
   430    3.807              18              18               1          0.0000;
   431    3.816              18              18               1          0.0000;
   432    3.825              18              18               1          0.0000;
   433    3.834              18              18               1          0.0000;
   434    3.843              18              18               1          0.0000;
   435    3.852              18              18               1          0.0000;
   436    3.860              18              18               1          0.0000;
   437    3.869              18              18               1          0.0000;
   438    3.878              18              18               1          0.0000;
   439    3.887              18              18               1          0.0000;
   440    3.896              18              18               1          0.0000;
   441    3.905              18              18               1          0.0000;
   442    3.914              18              18               1          0.0000;
   443    3.922              18              18               1          0.0000;
   444    3.931              18              18               1          0.0000;
   445    3.940              18              18               1          0.0000;
   446    3.949              18              18               1          0.0000;
   447    3.958              18              18               1          0.0000;
   448    3.967              18              18               1          0.0000;
   449    3.976              18              18               1          0.0000;
   450    3.984              18              18               1          0.0000]
