 Sample   Time     Commanded Pos   Encoder 1 Pos   Encoder 2 Pos   Control Effort

[    0    0.000               0               0               0          0.5000;
     1    0.009               1               1               0          0.5000;
     2    0.018               7               7               0          0.5000;
     3    0.027              16              16               0          0.5000;
     4    0.035              30              30               0          0.5000;
     5    0.044              47              47               0          0.5000;
     6    0.053              67              67               0          0.5000;
     7    0.062              89              89               0          0.5000;
     8    0.071             112             112               0          0.5000;
     9    0.080             137             137               0          0.5000;
    10    0.089             163             163               0          0.5000;
    11    0.097             189             189               0          0.5000;
    12    0.106             214             214               0          0.5000;
    13    0.115             239             239               0          0.5000;
    14    0.124             262             262               0          0.5000;
    15    0.133             283             283               1          0.5000;
    16    0.142             302             302               1          0.5000;
    17    0.151             319             319               2          0.5000;
    18    0.159             332             332               2          0.5000;
    19    0.168             343             343               2          0.5000;
    20    0.177             350             350               2          0.5000;
    21    0.186             354             354               2          0.5000;
    22    0.195             355             355               2          0.5000;
    23    0.204             352             352               2          0.5000;
    24    0.213             347             347               2          0.5000;
    25    0.221             339             339               2          0.5000;
    26    0.230             329             329               2          0.5000;
    27    0.239             318             318               2          0.5000;
    28    0.248             306             306               2          0.5000;
    29    0.257             293             293               2          0.5000;
    30    0.266             279             279               2          0.5000;
    31    0.274             266             266               2          0.5000;
    32    0.283             253             253               2          0.5000;
    33    0.292             240             240               2          0.5000;
    34    0.301             229             229               2          0.5000;
    35    0.310             219             219               2          0.5000;
    36    0.319             211             211               2          0.5000;
    37    0.328             205             205               2          0.5000;
    38    0.336             200             200               2          0.5000;
    39    0.345             198             198               2          0.5000;
    40    0.354             197             197               2          0.5000;
    41    0.363             199             199               2          0.5000;
    42    0.372             203             203               2          0.5000;
    43    0.381             208             208               2          0.5000;
    44    0.390             214             214               2          0.5000;
    45    0.398             221             221               2          0.5000;
    46    0.407             228             228               2          0.5000;
    47    0.416             235             235               2          0.5000;
    48    0.425             242             242               2          0.5000;
    49    0.434             249             249               2          0.5000;
    50    0.443             255             255               2          0.5000;
    51    0.452             261             261               2          0.5000;
    52    0.460             265             265               2          0.5000;
    53    0.469             268             268               2          0.5000;
    54    0.478             270             270               2          0.5000;
    55    0.487             271             271               2          0.5000;
    56    0.496             271             271               2          0.5000;
    57    0.505             269             269               2          0.5000;
    58    0.514             267             267               2          0.5000;
    59    0.522             264             264               2          0.5000;
    60    0.531             260             260               2          0.5000;
    61    0.540             257             257               2          0.5000;
    62    0.549             253             253               2          0.5000;
    63    0.558             249             249               2          0.5000;
    64    0.567             247             247               2          0.5000;
    65    0.576             244             244               2          0.5000;
    66    0.584             242             242               2          0.5000;
    67    0.593             241             241               2          0.5000;
    68    0.602             241             241               2          0.5000;
    69    0.611             241             241               2          0.5000;
    70    0.620             242             242               2          0.5000;
    71    0.629             244             244               2          0.5000;
    72    0.638             245             245               2          0.5000;
    73    0.646             247             247               2          0.5000;
    74    0.655             249             249               2          0.5000;
    75    0.664             251             251               2          0.5000;
    76    0.673             253             253               2          0.5000;
    77    0.682             254             254               2          0.5000;
    78    0.691             255             255               2          0.5000;
    79    0.699             255             255               2          0.5000;
    80    0.708             255             255               2          0.5000;
    81    0.717             255             255               2          0.5000;
    82    0.726             254             254               2          0.5000;
    83    0.735             253             253               2          0.5000;
    84    0.744             251             251               2          0.5000;
    85    0.753             250             250               2          0.5000;
    86    0.761             249             249               2          0.5000;
    87    0.770             248             248               2          0.5000;
    88    0.779             248             248               2          0.5000;
    89    0.788             247             247               2          0.5000;
    90    0.797             247             247               2          0.5000;
    91    0.806             248             248               2          0.5000;
    92    0.815             249             249               2          0.5000;
    93    0.823             249             249               2          0.5000;
    94    0.832             250             250               2          0.5000;
    95    0.841             251             251               2          0.5000;
    96    0.850             252             252               2          0.5000;
    97    0.859             252             252               2          0.5000;
    98    0.868             253             253               2          0.5000;
    99    0.877             253             253               2          0.5000;
   100    0.885             253             253               2          0.5000;
   101    0.894             252             252               2          0.5000;
   102    0.903             252             252               2          0.5000;
   103    0.912             251             251               2          0.5000;
   104    0.921             251             251               2          0.5000;
   105    0.930             250             250               2          0.5000;
   106    0.939             249             249               2          0.5000;
   107    0.947             249             249               2          0.5000;
   108    0.956             249             249               2          0.5000;
   109    0.965             249             249               2          0.5000;
   110    0.974             249             249               2          0.5000;
   111    0.983             250             250               2          0.5000;
   112    0.992             251             251               2          0.5000;
   113    1.001             251             251               2          0.5000;
   114    1.009             251             251               2          0.5000;
   115    1.018             252             252               2          0.5000;
   116    1.027             252             252               2          0.5000;
   117    1.036             252             252               2          0.5000;
   118    1.045             252             252               2          0.5000;
   119    1.054             252             252               2          0.5000;
   120    1.063             251             251               2          0.5000;
   121    1.071             251             251               2          0.5000;
   122    1.080             251             251               2          0.5000;
   123    1.089             250             250               2          0.5000;
   124    1.098             250             250               2          0.5000;
   125    1.107             250             250               2          0.5000;
   126    1.116             250             250               2          0.5000;
   127    1.124             250             250               2          0.5000;
   128    1.133             250             250               2          0.5000;
   129    1.142             251             251               2          0.5000;
   130    1.151             251             251               2          0.5000;
   131    1.160             251             251               2          0.5000;
   132    1.169             251             251               2          0.5000;
   133    1.178             252             252               2          0.5000;
   134    1.186             252             252               2          0.5000;
   135    1.195             252             252               2          0.5000;
   136    1.204             252             252               2          0.5000;
   137    1.213             251             251               2          0.5000;
   138    1.222             251             251               2          0.5000;
   139    1.231             251             251               2          0.5000;
   140    1.240             251             251               2          0.5000;
   141    1.248             251             251               2          0.5000;
   142    1.257             251             251               2          0.5000;
   143    1.266             251             251               2          0.5000;
   144    1.275             251             251               2          0.5000;
   145    1.284             251             251               2          0.5000;
   146    1.293             251             251               2          0.5000;
   147    1.302             251             251               2          0.5000;
   148    1.310             251             251               2          0.5000;
   149    1.319             251             251               2          0.5000;
   150    1.328             251             251               2          0.5000;
   151    1.337             251             251               2          0.5000;
   152    1.346             251             251               2          0.5000;
   153    1.355             251             251               2          0.5000;
   154    1.364             251             251               2          0.5000;
   155    1.372             251             251               2          0.5000;
   156    1.381             251             251               2          0.5000;
   157    1.390             251             251               2          0.5000;
   158    1.399             251             251               2          0.5000;
   159    1.408             251             251               2          0.5000;
   160    1.417             251             251               2          0.5000;
   161    1.426             251             251               2          0.5000;
   162    1.434             251             251               2          0.5000;
   163    1.443             251             251               2          0.5000;
   164    1.452             251             251               2          0.5000;
   165    1.461             251             251               2          0.5000;
   166    1.470             251             251               2          0.5000;
   167    1.479             251             251               2          0.5000;
   168    1.488             251             251               2          0.5000;
   169    1.496             251             251               2          0.5000;
   170    1.505             251             251               2          0.5000;
   171    1.514             251             251               2          0.5000;
   172    1.523             251             251               2          0.5000;
   173    1.532             251             251               2          0.5000;
   174    1.541             251             251               2          0.5000;
   175    1.549             251             251               2          0.5000;
   176    1.558             251             251               2          0.5000;
   177    1.567             251             251               2          0.5000;
   178    1.576             251             251               2          0.5000;
   179    1.585             251             251               2          0.5000;
   180    1.594             251             251               2          0.5000;
   181    1.603             251             251               2          0.5000;
   182    1.611             251             251               2          0.5000;
   183    1.620             251             251               2          0.5000;
   184    1.629             251             251               2          0.5000;
   185    1.638             251             251               2          0.5000;
   186    1.647             251             251               2          0.5000;
   187    1.656             251             251               2          0.5000;
   188    1.665             251             251               2          0.5000;
   189    1.673             251             251               2          0.5000;
   190    1.682             251             251               2          0.5000;
   191    1.691             251             251               2          0.5000;
   192    1.700             251             251               2          0.5000;
   193    1.709             251             251               2          0.5000;
   194    1.718             251             251               2          0.5000;
   195    1.727             251             251               2          0.5000;
   196    1.735             251             251               2          0.5000;
   197    1.744             251             251               2          0.5000;
   198    1.753             251             251               2          0.5000;
   199    1.762             251             251               2          0.5000;
   200    1.771             251             251               2          0.5000;
   201    1.780             251             251               2          0.5000;
   202    1.789             251             251               2          0.5000;
   203    1.797             251             251               2          0.5000;
   204    1.806             251             251               2          0.5000;
   205    1.815             251             251               2          0.5000;
   206    1.824             251             251               2          0.5000;
   207    1.833             251             251               2          0.5000;
   208    1.842             251             251               2          0.5000;
   209    1.851             251             251               2          0.5000;
   210    1.859             251             251               2          0.5000;
   211    1.868             251             251               2          0.5000;
   212    1.877             251             251               2          0.5000;
   213    1.886             251             251               2          0.5000;
   214    1.895             251             251               2          0.5000;
   215    1.904             251             251               2          0.5000;
   216    1.913             251             251               2          0.5000;
   217    1.921             251             251               2          0.5000;
   218    1.930             251             251               2          0.5000;
   219    1.939             251             251               2          0.5000;
   220    1.948             251             251               2          0.5000;
   221    1.957             251             251               2          0.5000;
   222    1.966             251             251               2          0.5000;
   223    1.974             251             251               2          0.5000;
   224    1.983             251             251               2          0.5000;
   225    1.992             251             251               2          0.5000;
   226    2.001             251             251               2          0.0000;
   227    2.010             249             249               2          0.0000;
   228    2.019             242             242               2          0.0000;
   229    2.028             230             230               2          0.0000;
   230    2.036             215             215               2          0.0000;
   231    2.045             196             196               2          0.0000;
   232    2.054             175             175               2          0.0000;
   233    2.063             151             151               2          0.0000;
   234    2.072             126             126               2          0.0000;
   235    2.081             100             100               2          0.0000;
   236    2.090              73              73               2          0.0000;
   237    2.098              46              46               2          0.0000;
   238    2.107              20              20               2          0.0000;
   239    2.116              -6              -6               1          0.0000;
   240    2.125             -29             -29               1          0.0000;
   241    2.134             -50             -50               1          0.0000;
   242    2.143             -68             -68               1          0.0000;
   243    2.152             -82             -82               1          0.0000;
   244    2.160             -92             -92               1          0.0000;
   245    2.169             -98             -98               1          0.0000;
   246    2.178            -101            -101               1          0.0000;
   247    2.187             -98             -98               1          0.0000;
   248    2.196             -92             -92               1          0.0000;
   249    2.205             -83             -83               1          0.0000;
   250    2.214             -71             -71               1          0.0000;
   251    2.222             -56             -56               1          0.0000;
   252    2.231             -40             -40               1          0.0000;
   253    2.240             -23             -23               1          0.0000;
   254    2.249              -5              -5               1          0.0000;
   255    2.258              13              13               1          0.0000;
   256    2.267              30              30               2          0.0000;
   257    2.276              46              46               2          0.0000;
   258    2.284              60              60               2          0.0000;
   259    2.293              73              73               2          0.0000;
   260    2.302              83              83               2          0.0000;
   261    2.311              91              91               2          0.0000;
   262    2.320              97              97               2          0.0000;
   263    2.329             100             100               2          0.0000;
   264    2.338             100             100               2          0.0000;
   265    2.346              98              98               2          0.0000;
   266    2.355              93              93               2          0.0000;
   267    2.364              87              87               2          0.0000;
   268    2.373              79              79               2          0.0000;
   269    2.382              69              69               2          0.0000;
   270    2.391              59              59               2          0.0000;
   271    2.399              49              49               2          0.0000;
   272    2.408              39              39               2          0.0000;
   273    2.417              28              28               2          0.0000;
   274    2.426              19              19               2          0.0000;
   275    2.435              10              10               1          0.0000;
   276    2.444               2               2               1          0.0000;
   277    2.453              -4              -4               1          0.0000;
   278    2.461             -10             -10               1          0.0000;
   279    2.470             -13             -13               1          0.0000;
   280    2.479             -15             -15               1          0.0000;
   281    2.488             -14             -14               1          0.0000;
   282    2.497             -13             -13               1          0.0000;
   283    2.506              -9              -9               1          0.0000;
   284    2.515              -5              -5               1          0.0000;
   285    2.523              -0              -0               1          0.0000;
   286    2.532               5               5               1          0.0000;
   287    2.541              11              11               1          0.0000;
   288    2.550              16              16               1          0.0000;
   289    2.559              22              22               1          0.0000;
   290    2.568              27              27               1          0.0000;
   291    2.577              31              31               2          0.0000;
   292    2.585              34              34               2          0.0000;
   293    2.594              36              36               2          0.0000;
   294    2.603              38              38               2          0.0000;
   295    2.612              38              38               2          0.0000;
   296    2.621              37              37               2          0.0000;
   297    2.630              36              36               2          0.0000;
   298    2.639              34              34               2          0.0000;
   299    2.647              31              31               2          0.0000;
   300    2.656              28              28               2          0.0000;
   301    2.665              25              25               2          0.0000;
   302    2.674              23              23               2          0.0000;
   303    2.683              20              20               2          0.0000;
   304    2.692              18              18               2          0.0000;
   305    2.701              16              16               2          0.0000;
   306    2.709              15              15               1          0.0000;
   307    2.718              15              15               1          0.0000;
   308    2.727              15              15               1          0.0000;
   309    2.736              15              15               1          0.0000;
   310    2.745              16              16               1          0.0000;
   311    2.754              18              18               1          0.0000;
   312    2.763              19              19               1          0.0000;
   313    2.771              21              21               1          0.0000;
   314    2.780              23              23               1          0.0000;
   315    2.789              24              24               1          0.0000;
   316    2.798              25              25               2          0.0000;
   317    2.807              26              26               2          0.0000;
   318    2.816              26              26               2          0.0000;
   319    2.824              26              26               2          0.0000;
   320    2.833              25              25               2          0.0000;
   321    2.842              25              25               2          0.0000;
   322    2.851              24              24               2          0.0000;
   323    2.860              23              23               2          0.0000;
   324    2.869              22              22               2          0.0000;
   325    2.878              21              21               2          0.0000;
   326    2.886              20              20               2          0.0000;
   327    2.895              19              19               2          0.0000;
   328    2.904              19              19               2          0.0000;
   329    2.913              19              19               2          0.0000;
   330    2.922              20              20               2          0.0000;
   331    2.931              20              20               2          0.0000;
   332    2.940              21              21               2          0.0000;
   333    2.948              21              21               2          0.0000;
   334    2.957              22              22               2          0.0000;
   335    2.966              23              23               2          0.0000;
   336    2.975              23              23               2          0.0000;
   337    2.984              24              24               2          0.0000;
   338    2.993              24              24               2          0.0000;
   339    3.002              24              24               2          0.0000;
   340    3.010              23              23               2          0.0000;
   341    3.019              23              23               2          0.0000;
   342    3.028              22              22               2          0.0000;
   343    3.037              22              22               2          0.0000;
   344    3.046              21              21               2          0.0000;
   345    3.055              21              21               2          0.0000;
   346    3.064              21              21               2          0.0000;
   347    3.072              20              20               2          0.0000;
   348    3.081              21              21               2          0.0000;
   349    3.090              21              21               2          0.0000;
   350    3.099              21              21               2          0.0000;
   351    3.108              21              21               2          0.0000;
   352    3.117              22              22               2          0.0000;
   353    3.126              22              22               2          0.0000;
   354    3.134              23              23               2          0.0000;
   355    3.143              23              23               2          0.0000;
   356    3.152              23              23               2          0.0000;
   357    3.161              23              23               2          0.0000;
   358    3.170              23              23               2          0.0000;
   359    3.179              23              23               2          0.0000;
   360    3.188              22              22               2          0.0000;
   361    3.196              22              22               2          0.0000;
   362    3.205              21              21               2          0.0000;
   363    3.214              21              21               2          0.0000;
   364    3.223              21              21               2          0.0000;
   365    3.232              21              21               2          0.0000;
   366    3.241              21              21               2          0.0000;
   367    3.249              21              21               2          0.0000;
   368    3.258              21              21               2          0.0000;
   369    3.267              22              22               2          0.0000;
   370    3.276              22              22               2          0.0000;
   371    3.285              22              22               2          0.0000;
   372    3.294              23              23               2          0.0000;
   373    3.303              23              23               2          0.0000;
   374    3.311              23              23               2          0.0000;
   375    3.320              23              23               2          0.0000;
   376    3.329              22              22               2          0.0000;
   377    3.338              22              22               2          0.0000;
   378    3.347              22              22               2          0.0000;
   379    3.356              22              22               2          0.0000;
   380    3.365              21              21               2          0.0000;
   381    3.373              21              21               2          0.0000;
   382    3.382              21              21               2          0.0000;
   383    3.391              21              21               2          0.0000;
   384    3.400              21              21               2          0.0000;
   385    3.409              21              21               2          0.0000;
   386    3.418              22              22               2          0.0000;
   387    3.427              22              22               2          0.0000;
   388    3.435              22              22               2          0.0000;
   389    3.444              22              22               2          0.0000;
   390    3.453              22              22               2          0.0000;
   391    3.462              22              22               2          0.0000;
   392    3.471              22              22               2          0.0000;
   393    3.480              22              22               2          0.0000;
   394    3.489              22              22               2          0.0000;
   395    3.497              22              22               2          0.0000;
   396    3.506              22              22               2          0.0000;
   397    3.515              21              21               2          0.0000;
   398    3.524              21              21               2          0.0000;
   399    3.533              21              21               2          0.0000;
   400    3.542              21              21               2          0.0000;
   401    3.551              22              22               2          0.0000;
   402    3.559              22              22               2          0.0000;
   403    3.568              22              22               2          0.0000;
   404    3.577              22              22               2          0.0000;
   405    3.586              22              22               2          0.0000;
   406    3.595              22              22               2          0.0000;
   407    3.604              22              22               2          0.0000;
   408    3.613              22              22               2          0.0000;
   409    3.621              22              22               2          0.0000;
   410    3.630              22              22               2          0.0000;
   411    3.639              22              22               2          0.0000;
   412    3.648              22              22               2          0.0000;
   413    3.657              22              22               2          0.0000;
   414    3.666              22              22               2          0.0000;
   415    3.674              22              22               2          0.0000;
   416    3.683              22              22               2          0.0000;
   417    3.692              22              22               2          0.0000;
   418    3.701              22              22               2          0.0000;
   419    3.710              22              22               2          0.0000;
   420    3.719              22              22               2          0.0000;
   421    3.728              22              22               2          0.0000;
   422    3.736              22              22               2          0.0000;
   423    3.745              22              22               2          0.0000;
   424    3.754              22              22               2          0.0000;
   425    3.763              22              22               2          0.0000;
   426    3.772              22              22               2          0.0000;
   427    3.781              22              22               2          0.0000;
   428    3.790              22              22               2          0.0000;
   429    3.798              22              22               2          0.0000;
   430    3.807              22              22               2          0.0000;
   431    3.816              22              22               2          0.0000;
   432    3.825              22              22               2          0.0000;
   433    3.834              22              22               2          0.0000;
   434    3.843              22              22               2          0.0000;
   435    3.852              22              22               2          0.0000;
   436    3.860              22              22               2          0.0000;
   437    3.869              22              22               2          0.0000;
   438    3.878              22              22               2          0.0000;
   439    3.887              22              22               2          0.0000;
   440    3.896              22              22               2          0.0000;
   441    3.905              22              22               2          0.0000;
   442    3.914              22              22               2          0.0000;
   443    3.922              22              22               2          0.0000;
   444    3.931              22              22               2          0.0000;
   445    3.940              22              22               2          0.0000;
   446    3.949              22              22               2          0.0000;
   447    3.958              22              22               2          0.0000;
   448    3.967              22              22               2          0.0000;
   449    3.976              22              22               2          0.0000;
   450    3.984              22              22               2          0.0000]
