 Sample   Time     Commanded Pos   Encoder 1 Pos   Encoder 2 Pos   Control Effort

[    0    0.000               0               0              -1          0.0000;
     1    0.009               1               2              -1          0.5000;
     2    0.018               4               6               0          0.5000;
     3    0.027              12              16               0          0.5000;
     4    0.035              24              29               1          0.5000;
     5    0.044              40              46               3          0.5000;
     6    0.053              60              66               8          0.5000;
     7    0.062              82              89              15          0.5000;
     8    0.071             106             113              25          0.5000;
     9    0.080             131             139              39          0.5000;
    10    0.089             158             166              57          0.5000;
    11    0.097             185             193              80          0.5000;
    12    0.106             212             220             109          0.5000;
    13    0.115             239             248             142          0.5000;
    14    0.124             267             275             179          0.5000;
    15    0.133             294             302             221          0.5000;
    16    0.142             321             329             265          0.5000;
    17    0.151             348             356             312          0.5000;
    18    0.159             376             384             361          0.5000;
    19    0.168             405             414             410          0.5000;
    20    0.177             436             446             458          0.5000;
    21    0.186             469             479             505          0.5000;
    22    0.195             504             516             550          0.5000;
    23    0.204             543             555             592          0.5000;
    24    0.213             584             597             632          0.5000;
    25    0.221             628             641             669          0.5000;
    26    0.230             674             688             704          0.5000;
    27    0.239             722             736             737          0.5000;
    28    0.248             770             785             770          0.5000;
    29    0.257             819             834             803          0.5000;
    30    0.266             868             883             836          0.5000;
    31    0.274             917             932             871          0.5000;
    32    0.283             966             980             908          0.5000;
    33    0.292            1014            1028             947          0.5000;
    34    0.301            1061            1075             990          0.5000;
    35    0.310            1107            1121            1036          0.5000;
    36    0.319            1153            1166            1086          0.5000;
    37    0.328            1198            1211            1138          0.5000;
    38    0.336            1241            1254            1193          0.5000;
    39    0.345            1284            1297            1251          0.5000;
    40    0.354            1328            1341            1310          0.5000;
    41    0.363            1373            1387            1370          0.5000;
    42    0.372            1420            1435            1429          0.5000;
    43    0.381            1470            1485            1489          0.5000;
    44    0.390            1522            1538            1547          0.5000;
    45    0.398            1576            1592            1604          0.5000;
    46    0.407            1632            1650            1660          0.5000;
    47    0.416            1692            1711            1715          0.5000;
    48    0.425            1756            1775            1769          0.5000;
    49    0.434            1822            1843            1823          0.5000;
    50    0.443            1892            1914            1876          0.5000;
    51    0.452            1965            1987            1931          0.5000;
    52    0.460            2040            2063            1988          0.5000;
    53    0.469            2117            2140            2047          0.5000;
    54    0.478            2194            2218            2111          0.5000;
    55    0.487            2274            2298            2179          0.5000;
    56    0.496            2353            2378            2252          0.5000;
    57    0.505            2434            2458            2330          0.5000;
    58    0.514            2515            2539            2413          0.5000;
    59    0.522            2595            2619            2502          0.5000;
    60    0.531            2675            2699            2596          0.5000;
    61    0.540            2756            2780            2694          0.5000;
    62    0.549            2837            2861            2795          0.5000;
    63    0.558            2919            2943            2900          0.5000;
    64    0.567            3002            3027            3006          0.5000;
    65    0.576            3085            3111            3112          0.5000;
    66    0.584            3171            3197            3217          0.5000;
    67    0.593            3258            3285            3321          0.5000;
    68    0.602            3349            3377            3423          0.5000;
    69    0.611            3442            3471            3522          0.5000;
    70    0.620            3537            3566            3617          0.5000;
    71    0.629            3635            3665            3710          0.5000;
    72    0.638            3736            3766            3800          0.5000;
    73    0.646            3839            3870            3888          0.5000;
    74    0.655            3944            3976            3974          0.5000;
    75    0.664            4051            4083            4059          0.5000;
    76    0.673            4160            4193            4146          0.5000;
    77    0.682            4271            4305            4234          0.5000;
    78    0.691            4384            4418            4325          0.5000;
    79    0.699            4499            4533            4419          0.5000;
    80    0.708            4614            4649            4519          0.5000;
    81    0.717            4731            4766            4624          0.5000;
    82    0.726            4848            4883            4736          0.5000;
    83    0.735            4965            5000            4854          0.5000;
    84    0.744            5082            5118            4978          0.5000;
    85    0.753            5200            5235            5109          0.5000;
    86    0.761            5316            5351            5244          0.5000;
    87    0.770            5433            5468            5384          0.5000;
    88    0.779            5549            5584            5527          0.5000;
    89    0.788            5666            5700            5672          0.5000;
    90    0.797            5782            5817            5818          0.5000;
    91    0.806            5899            5934            5963          0.5000;
    92    0.815            6018            6054            6105          0.5000;
    93    0.823            6139            6175            6244          0.5000;
    94    0.832            6260            6298            6379          0.5000;
    95    0.841            6385            6423            6509          0.5000;
    96    0.850            6513            6552            6634          0.5000;
    97    0.859            6643            6683            6754          0.5000;
    98    0.868            6777            6818            6869          0.5000;
    99    0.877            6914            6956            6981          0.5000;
   100    0.885            7054            7096            7090          0.5000;
   101    0.894            7197            7240            7199          0.5000;
   102    0.903            7342            7386            7308          0.5000;
   103    0.912            7489            7533            7421          0.5000;
   104    0.921            7636            7681            7537          0.5000;
   105    0.930            7784            7828            7659          0.5000;
   106    0.939            7931            7974            7788          0.5000;
   107    0.947            8075            8118            7924          0.5000;
   108    0.956            8217            8259            8069          0.5000;
   109    0.965            8356            8397            8221          0.5000;
   110    0.974            8492            8532            8380          0.5000;
   111    0.983            8626            8665            8545          0.5000;
   112    0.992            8757            8796            8714          0.5000;
   113    1.001            8888            8926            8886          0.5000;
   114    1.009            9018            9056            9058          0.5000;
   115    1.018            9148            9188            9229          0.5000;
   116    1.027            9282            9322            9396          0.5000;
   117    1.036            9418            9460            9558          0.5000;
   118    1.045            9560            9604            9713          0.5000;
   119    1.054            9707            9753            9862          0.5000;
   120    1.063            9861            9908           10004          0.5000;
   121    1.071           10021           10070           10140          0.5000;
   122    1.080           10187           10237           10270          0.5000;
   123    1.089           10357           10409           10397          0.5000;
   124    1.098           10532           10584           10523          0.5000;
   125    1.107           10707           10760           10651          0.5000;
   126    1.116           10883           10936           10782          0.5000;
   127    1.124           11057           11109           10919          0.5000;
   128    1.133           11228           11279           11063          0.5000;
   129    1.142           11395           11444           11215          0.5000;
   130    1.151           11557           11604           11377          0.5000;
   131    1.160           11714           11759           11548          0.5000;
   132    1.169           11866           11910           11727          0.5000;
   133    1.178           12014           12058           11912          0.5000;
   134    1.186           12159           12203           12102          0.5000;
   135    1.195           12304           12348           12295          0.5000;
   136    1.204           12450           12495           12490          0.5000;
   137    1.213           12599           12645           12683          0.5000;
   138    1.222           12752           12799           12872          0.5000;
   139    1.231           12911           12959           13056          0.5000;
   140    1.240           13075           13126           13234          0.5000;
   141    1.248           13246           13298           13404          0.5000;
   142    1.257           13421           13475           13568          0.5000;
   143    1.266           13602           13657           13727          0.5000;
   144    1.275           13786           13841           13880          0.5000;
   145    1.284           13972           14028           14031          0.5000;
   146    1.293           14160           14216           14180          0.5000;
   147    1.302           14348           14404           14329          0.5000;
   148    1.310           14536           14592           14481          0.5000;
   149    1.319           14723           14779           14637          0.5000;
   150    1.328           14909           14964           14799          0.5000;
   151    1.337           15093           15148           14967          0.5000;
   152    1.346           15276           15331           15143          0.5000;
   153    1.355           15458           15513           15326          0.5000;
   154    1.364           15640           15694           15518          0.5000;
   155    1.372           15821           15875           15717          0.5000;
   156    1.381           16001           16054           15922          0.5000;
   157    1.390           16180           16234           16133          0.5000;
   158    1.399           16359           16412           16348          0.5000;
   159    1.408           16536           16590           16565          0.5000;
   160    1.417           16715           16769           16781          0.5000;
   161    1.426           16894           16948           16996          0.5000;
   162    1.434           17074           17129           17208          0.5000;
   163    1.443           17257           17313           17415          0.5000;
   164    1.452           17444           17501           17616          0.5000;
   165    1.461           17635           17693           17811          0.5000;
   166    1.470           17832           17892           17999          0.5000;
   167    1.479           18035           18096           18181          0.5000;
   168    1.488           18243           18306           18357          0.5000;
   169    1.496           18456           18520           18530          0.5000;
   170    1.505           18672           18737           18702          0.5000;
   171    1.514           18890           18955           18875          0.5000;
   172    1.523           19107           19172           19050          0.5000;
   173    1.532           19323           19388           19230          0.5000;
   174    1.541           19537           19600           19416          0.5000;
   175    1.549           19746           19808           19610          0.5000;
   176    1.558           19952           20013           19812          0.5000;
   177    1.567           20154           20213           20022          0.5000;
   178    1.576           20352           20411           20240          0.5000;
   179    1.585           20549           20608           20466          0.5000;
   180    1.594           20746           20806           20697          0.5000;
   181    1.603           20945           21004           20932          0.5000;
   182    1.611           21144           21204           21169          0.5000;
   183    1.620           21346           21407           21407          0.5000;
   184    1.629           21550           21611           21642          0.5000;
   185    1.638           21755           21817           21875          0.5000;
   186    1.647           21963           22026           22102          0.5000;
   187    1.656           22174           22237           22325          0.5000;
   188    1.665           22386           22451           22542          0.5000;
   189    1.673           22602           22668           22753          0.5000;
   190    1.682           22822           22888           22958          0.5000;
   191    1.691           23044           23112           23157          0.5000;
   192    1.700           23271           23340           23352          0.5000;
   193    1.709           23501           23571           23546          0.5000;
   194    1.718           23734           23805           23738          0.5000;
   195    1.727           23969           24040           23932          0.5000;
   196    1.735           24204           24275           24128          0.5000;
   197    1.744           24438           24507           24330          0.5000;
   198    1.753           24668           24736           24537          0.5000;
   199    1.762           24894           24962           24752          0.5000;
   200    1.771           25116           25183           24975          0.5000;
   201    1.780           25335           25400           25204          0.5000;
   202    1.789           25550           25615           25442          0.5000;
   203    1.797           25764           25828           25685          0.5000;
   204    1.806           25978           26042           25932          0.5000;
   205    1.815           26192           26257           26183          0.5000;
   206    1.824           26409           26474           26435          0.5000;
   207    1.833           26628           26694           26686          0.5000;
   208    1.842           26849           26916           26935          0.5000;
   209    1.851           27072           27139           27181          0.5000;
   210    1.859           27297           27366           27422          0.5000;
   211    1.868           27525           27594           27659          0.5000;
   212    1.877           27754           27823           27889          0.5000;
   213    1.886           27986           28056           28114          0.5000;
   214    1.895           28220           28291           28335          0.5000;
   215    1.904           28457           28529           28551          0.5000;
   216    1.913           28698           28771           28763          0.5000;
   217    1.921           28942           29016           28974          0.5000;
   218    1.930           29189           29263           29185          0.5000;
   219    1.939           29437           29511           29398          0.5000;
   220    1.948           29684           29757           29614          0.5000;
   221    1.957           29928           30001           29835          0.5000;
   222    1.966           30170           30241           30063          0.5000;
   223    1.974           30407           30478           30298          0.5000;
   224    1.983           30642           30711           30540          0.5000;
   225    1.992           30874           30943           30789          0.5000;
   226    2.001           31104           31174           31043          0.5000;
   227    2.010           31334           31402           31303          0.0000;
   228    2.019           31560           31628           31566          0.0000;
   229    2.028           31783           31850           31831          0.0000;
   230    2.036           32004           32070           32095          0.0000;
   231    2.045           32223           32289           32358          0.0000;
   232    2.054           32441           32506           32617          0.0000;
   233    2.063           32657           32722           32869          0.0000;
   234    2.072           32873           32938           33114          0.0000;
   235    2.081           33088           33153           33349          0.0000;
   236    2.090           33306           33371           33574          0.0000;
   237    2.098           33525           33591           33789          0.0000;
   238    2.107           33747           33814           33993          0.0000;
   239    2.116           33971           34039           34189          0.0000;
   240    2.125           34198           34266           34376          0.0000;
   241    2.134           34426           34494           34558          0.0000;
   242    2.143           34653           34721           34735          0.0000;
   243    2.152           34878           34945           34912          0.0000;
   244    2.160           35100           35166           35090          0.0000;
   245    2.169           35317           35381           35271          0.0000;
   246    2.178           35528           35590           35456          0.0000;
   247    2.187           35732           35792           35648          0.0000;
   248    2.196           35928           35986           35846          0.0000;
   249    2.205           36119           36175           36049          0.0000;
   250    2.214           36304           36359           36259          0.0000;
   251    2.222           36486           36539           36472          0.0000;
   252    2.231           36663           36715           36688          0.0000;
   253    2.240           36838           36890           36905          0.0000;
   254    2.249           37011           37063           37120          0.0000;
   255    2.258           37184           37236           37332          0.0000;
   256    2.267           37357           37408           37539          0.0000;
   257    2.276           37530           37582           37738          0.0000;
   258    2.284           37704           37756           37930          0.0000;
   259    2.293           37878           37930           38113          0.0000;
   260    2.302           38053           38106           38285          0.0000;
   261    2.311           38228           38281           38449          0.0000;
   262    2.320           38404           38457           38604          0.0000;
   263    2.329           38580           38632           38750          0.0000;
   264    2.338           38755           38808           38891          0.0000;
   265    2.346           38930           38982           39026          0.0000;
   266    2.355           39104           39156           39157          0.0000;
   267    2.364           39276           39327           39288          0.0000;
   268    2.373           39445           39495           39420          0.0000;
   269    2.382           39610           39659           39554          0.0000;
   270    2.391           39771           39818           39692          0.0000;
   271    2.399           39927           39973           39835          0.0000;
   272    2.408           40078           40122           39983          0.0000;
   273    2.417           40223           40265           40137          0.0000;
   274    2.426           40362           40402           40295          0.0000;
   275    2.435           40495           40534           40457          0.0000;
   276    2.444           40623           40660           40621          0.0000;
   277    2.453           40746           40783           40786          0.0000;
   278    2.461           40867           40903           40949          0.0000;
   279    2.470           40985           41020           41108          0.0000;
   280    2.479           41102           41137           41262          0.0000;
   281    2.488           41219           41254           41408          0.0000;
   282    2.497           41336           41372           41545          0.0000;
   283    2.506           41456           41493           41673          0.0000;
   284    2.515           41578           41616           41790          0.0000;
   285    2.523           41703           41742           41897          0.0000;
   286    2.532           41831           41870           41995          0.0000;
   287    2.541           41960           41999           42086          0.0000;
   288    2.550           42090           42129           42171          0.0000;
   289    2.559           42220           42259           42252          0.0000;
   290    2.568           42348           42387           42331          0.0000;
   291    2.577           42474           42511           42412          0.0000;
   292    2.585           42596           42632           42496          0.0000;
   293    2.594           42713           42747           42585          0.0000;
   294    2.603           42824           42856           42680          0.0000;
   295    2.612           42928           42958           42781          0.0000;
   296    2.621           43025           43052           42889          0.0000;
   297    2.630           43115           43141           43004          0.0000;
   298    2.639           43198           43222           43123          0.0000;
   299    2.647           43276           43298           43244          0.0000;
   300    2.656           43349           43370           43367          0.0000;
   301    2.665           43418           43439           43488          0.0000;
   302    2.674           43485           43505           43605          0.0000;
   303    2.683           43551           43570           43715          0.0000;
   304    2.692           43616           43636           43816          0.0000;
   305    2.701           43683           43703           43907          0.0000;
   306    2.709           43750           43771           43986          0.0000;
   307    2.718           43820           43842           44054          0.0000;
   308    2.727           43892           43914           44109          0.0000;
   309    2.736           43966           43989           44154          0.0000;
   310    2.745           44042           44065           44189          0.0000;
   311    2.754           44118           44142           44217          0.0000;
   312    2.763           44195           44218           44239          0.0000;
   313    2.771           44270           44292           44259          0.0000;
   314    2.780           44343           44364           44279          0.0000;
   315    2.789           44413           44433           44301          0.0000;
   316    2.798           44478           44496           44327          0.0000;
   317    2.807           44536           44553           44360          0.0000;
   318    2.816           44589           44604           44401          0.0000;
   319    2.824           44636           44649           44450          0.0000;
   320    2.833           44676           44687           44506          0.0000;
   321    2.842           44711           44720           44569          0.0000;
   322    2.851           44740           44748           44638          0.0000;
   323    2.860           44765           44771           44710          0.0000;
   324    2.869           44786           44792           44784          0.0000;
   325    2.878           44806           44812           44856          0.0000;
   326    2.886           44825           44831           44925          0.0000;
   327    2.895           44846           44852           44987          0.0000;
   328    2.904           44868           44876           45041          0.0000;
   329    2.913           44894           44902           45086          0.0000;
   330    2.922           44923           44932           45121          0.0000;
   331    2.931           44955           44965           45144          0.0000;
   332    2.940           44990           45000           45158          0.0000;
   333    2.948           45027           45038           45163          0.0000;
   334    2.957           45066           45078           45161          0.0000;
   335    2.966           45106           45118           45153          0.0000;
   336    2.975           45146           45158           45142          0.0000;
   337    2.984           45185           45196           45131          0.0000;
   338    2.993           45221           45231           45123          0.0000;
   339    3.002           45252           45261           45119          0.0000;
   340    3.010           45279           45286           45121          0.0000;
   341    3.019           45300           45305           45130          0.0000;
   342    3.028           45315           45318           45146          0.0000;
   343    3.037           45324           45326           45169          0.0000;
   344    3.046           45327           45328           45198          0.0000;
   345    3.055           45326           45326           45232          0.0000;
   346    3.064           45322           45320           45269          0.0000;
   347    3.072           45315           45313           45306          0.0000;
   348    3.081           45307           45305           45343          0.0000;
   349    3.090           45300           45298           45375          0.0000;
   350    3.099           45294           45292           45403          0.0000;
   351    3.108           45290           45289           45424          0.0000;
   352    3.117           45289           45289           45437          0.0000;
   353    3.126           45291           45293           45441          0.0000;
   354    3.134           45297           45299           45437          0.0000;
   355    3.143           45305           45308           45425          0.0000;
   356    3.152           45315           45318           45407          0.0000;
   357    3.161           45327           45330           45383          0.0000;
   358    3.170           45338           45342           45356          0.0000;
   359    3.179           45350           45353           45328          0.0000;
   360    3.188           45359           45362           45301          0.0000;
   361    3.196           45366           45368           45276          0.0000;
   362    3.205           45370           45371           45255          0.0000;
   363    3.214           45370           45369           45239          0.0000;
   364    3.223           45366           45364           45230          0.0000;
   365    3.232           45358           45354           45226          0.0000;
   366    3.241           45346           45342           45228          0.0000;
   367    3.249           45331           45326           45235          0.0000;
   368    3.258           45314           45309           45246          0.0000;
   369    3.267           45296           45290           45259          0.0000;
   370    3.276           45277           45271           45272          0.0000;
   371    3.285           45258           45252           45284          0.0000;
   372    3.294           45239           45234           45294          0.0000;
   373    3.303           45223           45219           45300          0.0000;
   374    3.311           45209           45206           45300          0.0000;
   375    3.320           45198           45195           45296          0.0000;
   376    3.329           45190           45189           45285          0.0000;
   377    3.338           45186           45185           45269          0.0000;
   378    3.347           45184           45184           45248          0.0000;
   379    3.356           45186           45186           45224          0.0000;
   380    3.365           45188           45190           45198          0.0000;
   381    3.373           45192           45193           45171          0.0000;
   382    3.382           45196           45196           45145          0.0000;
   383    3.391           45198           45198           45122          0.0000;
   384    3.400           45199           45198           45101          0.0000;
   385    3.409           45197           45196           45085          0.0000;
   386    3.418           45193           45191           45075          0.0000;
   387    3.427           45186           45184           45069          0.0000;
   388    3.435           45177           45174           45069          0.0000;
   389    3.444           45167           45163           45074          0.0000;
   390    3.453           45155           45151           45082          0.0000;
   391    3.462           45142           45139           45093          0.0000;
   392    3.471           45130           45126           45106          0.0000;
   393    3.480           45118           45115           45119          0.0000;
   394    3.489           45108           45106           45130          0.0000;
   395    3.497           45100           45098           45139          0.0000;
   396    3.506           45094           45093           45146          0.0000;
   397    3.515           45091           45091           45149          0.0000;
   398    3.524           45091           45092           45148          0.0000;
   399    3.533           45094           45095           45143          0.0000;
   400    3.542           45099           45100           45135          0.0000;
   401    3.551           45105           45108           45126          0.0000;
   402    3.559           45113           45116           45114          0.0000;
   403    3.568           45121           45124           45102          0.0000;
   404    3.577           45129           45132           45091          0.0000;
   405    3.586           45136           45138           45082          0.0000;
   406    3.595           45142           45143           45075          0.0000;
   407    3.604           45146           45146           45071          0.0000;
   408    3.613           45147           45148           45070          0.0000;
   409    3.621           45147           45146           45073          0.0000;
   410    3.630           45144           45143           45079          0.0000;
   411    3.639           45140           45139           45087          0.0000;
   412    3.648           45135           45134           45098          0.0000;
   413    3.657           45130           45128           45109          0.0000;
   414    3.666           45125           45123           45120          0.0000;
   415    3.674           45120           45119           45131          0.0000;
   416    3.683           45117           45116           45139          0.0000;
   417    3.692           45116           45115           45146          0.0000;
   418    3.701           45116           45116           45150          0.0000;
   419    3.710           45118           45119           45152          0.0000;
   420    3.719           45122           45123           45151          0.0000;
   421    3.728           45127           45129           45148          0.0000;
   422    3.736           45133           45135           45143          0.0000;
   423    3.745           45139           45141           45136          0.0000;
   424    3.754           45145           45147           45130          0.0000;
   425    3.763           45151           45152           45123          0.0000;
   426    3.772           45155           45156           45118          0.0000;
   427    3.781           45158           45159           45114          0.0000;
   428    3.790           45160           45160           45111          0.0000;
   429    3.798           45160           45160           45111          0.0000;
   430    3.807           45158           45158           45112          0.0000;
   431    3.816           45155           45154           45115          0.0000;
   432    3.825           45151           45150           45119          0.0000;
   433    3.834           45147           45146           45124          0.0000;
   434    3.843           45142           45141           45130          0.0000;
   435    3.852           45138           45137           45135          0.0000;
   436    3.860           45134           45134           45139          0.0000;
   437    3.869           45132           45131           45142          0.0000;
   438    3.878           45130           45130           45143          0.0000;
   439    3.887           45130           45130           45143          0.0000;
   440    3.896           45131           45131           45141          0.0000;
   441    3.905           45133           45134           45138          0.0000;
   442    3.914           45135           45136           45134          0.0000;
   443    3.922           45138           45139           45129          0.0000;
   444    3.931           45142           45143           45124          0.0000;
   445    3.940           45144           45145           45120          0.0000;
   446    3.949           45147           45147           45116          0.0000;
   447    3.958           45148           45148           45113          0.0000;
   448    3.967           45148           45148           45111          0.0000;
   449    3.976           45148           45148           45111          0.0000;
   450    3.984           45146           45146           45112          0.0000]
