 Sample   Time     Commanded Pos   Encoder 1 Pos   Encoder 2 Pos   Control Effort

[    0    0.000               0               0               0          0.0000;
     1    0.009               0               1               1          0.5000;
     2    0.018               5               7               1          0.5000;
     3    0.027              13              17               1          0.5000;
     4    0.035              25              31               2          0.5000;
     5    0.044              40              47               5          0.5000;
     6    0.053              57              65               9          0.5000;
     7    0.062              77              85              16          0.5000;
     8    0.071              97             106              27          0.5000;
     9    0.080             119             129              40          0.5000;
    10    0.089             143             152              58          0.5000;
    11    0.097             167             177              80          0.5000;
    12    0.106             192             202             106          0.5000;
    13    0.115             217             228             136          0.5000;
    14    0.124             244             255             171          0.5000;
    15    0.133             271             283             208          0.5000;
    16    0.142             299             311             249          0.5000;
    17    0.151             328             340             293          0.5000;
    18    0.159             359             371             338          0.5000;
    19    0.168             390             403             384          0.5000;
    20    0.177             424             438             431          0.5000;
    21    0.186             459             474             477          0.5000;
    22    0.195             496             512             522          0.5000;
    23    0.204             535             551             567          0.5000;
    24    0.213             575             592             610          0.5000;
    25    0.221             617             635             651          0.5000;
    26    0.230             661             679             691          0.5000;
    27    0.239             707             726             730          0.5000;
    28    0.248             755             774             768          0.5000;
    29    0.257             804             824             806          0.5000;
    30    0.266             853             873             844          0.5000;
    31    0.274             903             923             882          0.5000;
    32    0.283             951             971             922          0.5000;
    33    0.292             999            1018             964          0.5000;
    34    0.301            1046            1065            1007          0.5000;
    35    0.310            1092            1111            1052          0.5000;
    36    0.319            1137            1155            1100          0.5000;
    37    0.328            1181            1199            1149          0.5000;
    38    0.336            1225            1242            1201          0.5000;
    39    0.345            1268            1285            1253          0.5000;
    40    0.354            1311            1329            1306          0.5000;
    41    0.363            1355            1372            1360          0.5000;
    42    0.372            1398            1415            1413          0.5000;
    43    0.381            1442            1460            1466          0.5000;
    44    0.390            1487            1506            1517          0.5000;
    45    0.398            1535            1554            1567          0.5000;
    46    0.407            1584            1605            1616          0.5000;
    47    0.416            1637            1658            1663          0.5000;
    48    0.425            1691            1713            1709          0.5000;
    49    0.434            1748            1771            1754          0.5000;
    50    0.443            1806            1830            1800          0.5000;
    51    0.452            1866            1891            1846          0.5000;
    52    0.460            1928            1953            1893          0.5000;
    53    0.469            1991            2017            1942          0.5000;
    54    0.478            2057            2084            1993          0.5000;
    55    0.487            2124            2151            2049          0.5000;
    56    0.496            2192            2220            2108          0.5000;
    57    0.505            2261            2288            2172          0.5000;
    58    0.514            2330            2357            2240          0.5000;
    59    0.522            2400            2428            2313          0.5000;
    60    0.531            2470            2499            2391          0.5000;
    61    0.540            2542            2571            2472          0.5000;
    62    0.549            2615            2644            2557          0.5000;
    63    0.558            2688            2718            2646          0.5000;
    64    0.567            2763            2793            2736          0.5000;
    65    0.576            2837            2868            2829          0.5000;
    66    0.584            2914            2945            2921          0.5000;
    67    0.593            2993            3025            3014          0.5000;
    68    0.602            3073            3105            3106          0.5000;
    69    0.611            3155            3188            3197          0.5000;
    70    0.620            3238            3272            3286          0.5000;
    71    0.629            3323            3357            3373          0.5000;
    72    0.638            3409            3445            3458          0.5000;
    73    0.646            3498            3534            3540          0.5000;
    74    0.655            3588            3624            3621          0.5000;
    75    0.664            3678            3715            3701          0.5000;
    76    0.673            3769            3805            3780          0.5000;
    77    0.682            3860            3897            3859          0.5000;
    78    0.691            3952            3989            3939          0.5000;
    79    0.699            4044            4081            4019          0.5000;
    80    0.708            4135            4172            4101          0.5000;
    81    0.717            4227            4264            4185          0.5000;
    82    0.726            4319            4357            4271          0.5000;
    83    0.735            4412            4449            4360          0.5000;
    84    0.744            4506            4543            4452          0.5000;
    85    0.753            4600            4639            4547          0.5000;
    86    0.761            4696            4735            4644          0.5000;
    87    0.770            4794            4834            4745          0.5000;
    88    0.779            4893            4934            4849          0.5000;
    89    0.788            4995            5035            4955          0.5000;
    90    0.797            5097            5139            5063          0.5000;
    91    0.806            5202            5244            5173          0.5000;
    92    0.815            5309            5352            5286          0.5000;
    93    0.823            5417            5460            5400          0.5000;
    94    0.832            5525            5569            5515          0.5000;
    95    0.841            5635            5679            5632          0.5000;
    96    0.850            5745            5790            5749          0.5000;
    97    0.859            5857            5902            5867          0.5000;
    98    0.868            5969            6013            5984          0.5000;
    99    0.877            6081            6126            6102          0.5000;
   100    0.885            6194            6239            6219          0.5000;
   101    0.894            6307            6351            6335          0.5000;
   102    0.903            6419            6464            6451          0.5000;
   103    0.912            6532            6577            6565          0.5000;
   104    0.921            6645            6691            6678          0.5000;
   105    0.930            6760            6805            6791          0.5000;
   106    0.939            6874            6921            6902          0.5000;
   107    0.947            6991            7038            7013          0.5000;
   108    0.956            7109            7156            7123          0.5000;
   109    0.965            7229            7277            7234          0.5000;
   110    0.974            7350            7400            7345          0.5000;
   111    0.983            7474            7525            7457          0.5000;
   112    0.992            7600            7651            7571          0.5000;
   113    1.001            7728            7780            7687          0.5000;
   114    1.009            7858            7910            7807          0.5000;
   115    1.018            7989            8041            7930          0.5000;
   116    1.027            8120            8172            8056          0.5000;
   117    1.036            8251            8303            8187          0.5000;
   118    1.045            8381            8433            8322          0.5000;
   119    1.054            8511            8563            8461          0.5000;
   120    1.063            8640            8691            8604          0.5000;
   121    1.071            8767            8818            8750          0.5000;
   122    1.080            8895            8946            8898          0.5000;
   123    1.089            9022            9073            9047          0.5000;
   124    1.098            9150            9201            9196          0.5000;
   125    1.107            9279            9330            9345          0.5000;
   126    1.116            9409            9462            9492          0.5000;
   127    1.124            9542            9596            9637          0.5000;
   128    1.133            9678            9733            9779          0.5000;
   129    1.142            9818            9875            9917          0.5000;
   130    1.151            9963           10022           10053          0.5000;
   131    1.160           10112           10173           10187          0.5000;
   132    1.169           10266           10328           10319          0.5000;
   133    1.178           10423           10487           10451          0.5000;
   134    1.186           10584           10648           10584          0.5000;
   135    1.195           10746           10811           10719          0.5000;
   136    1.204           10909           10974           10858          0.5000;
   137    1.213           11072           11137           11002          0.5000;
   138    1.222           11233           11297           11152          0.5000;
   139    1.231           11391           11454           11309          0.5000;
   140    1.240           11547           11608           11472          0.5000;
   141    1.248           11699           11760           11640          0.5000;
   142    1.257           11849           11908           11814          0.5000;
   143    1.266           11997           12056           11992          0.5000;
   144    1.275           12144           12202           12172          0.5000;
   145    1.284           12291           12350           12354          0.5000;
   146    1.293           12440           12501           12534          0.5000;
   147    1.302           12593           12656           12713          0.5000;
   148    1.310           12751           12815           12888          0.5000;
   149    1.319           12914           12980           13060          0.5000;
   150    1.328           13082           13151           13226          0.5000;
   151    1.337           13255           13326           13388          0.5000;
   152    1.346           13433           13506           13548          0.5000;
   153    1.355           13615           13689           13704          0.5000;
   154    1.364           13800           13874           13859          0.5000;
   155    1.372           13986           14060           14014          0.5000;
   156    1.381           14172           14247           14171          0.5000;
   157    1.390           14358           14432           14331          0.5000;
   158    1.399           14542           14615           14495          0.5000;
   159    1.408           14724           14796           14665          0.5000;
   160    1.417           14904           14976           14839          0.5000;
   161    1.426           15082           15153           15019          0.5000;
   162    1.434           15260           15331           15205          0.5000;
   163    1.443           15438           15509           15396          0.5000;
   164    1.452           15617           15689           15592          0.5000;
   165    1.461           15797           15870           15792          0.5000;
   166    1.470           15979           16052           15995          0.5000;
   167    1.479           16163           16236           16199          0.5000;
   168    1.488           16347           16421           16404          0.5000;
   169    1.496           16532           16607           16608          0.5000;
   170    1.505           16718           16793           16811          0.5000;
   171    1.514           16905           16980           17012          0.5000;
   172    1.523           17093           17168           17210          0.5000;
   173    1.532           17281           17357           17405          0.5000;
   174    1.541           17472           17549           17596          0.5000;
   175    1.549           17664           17742           17783          0.5000;
   176    1.558           17860           17939           17967          0.5000;
   177    1.567           18058           18138           18148          0.5000;
   178    1.576           18260           18341           18327          0.5000;
   179    1.585           18465           18548           18505          0.5000;
   180    1.594           18673           18756           18684          0.5000;
   181    1.603           18881           18965           18864          0.5000;
   182    1.611           19090           19173           19048          0.5000;
   183    1.620           19297           19379           19235          0.5000;
   184    1.629           19501           19583           19428          0.5000;
   185    1.638           19703           19783           19625          0.5000;
   186    1.647           19901           19979           19828          0.5000;
   187    1.656           20096           20173           20037          0.5000;
   188    1.665           20289           20365           20250          0.5000;
   189    1.673           20481           20557           20467          0.5000;
   190    1.682           20673           20751           20685          0.5000;
   191    1.691           20867           20945           20905          0.5000;
   192    1.700           21063           21143           21124          0.5000;
   193    1.709           21263           21343           21343          0.5000;
   194    1.718           21465           21546           21560          0.5000;
   195    1.727           21669           21752           21773          0.5000;
   196    1.735           21876           21959           21983          0.5000;
   197    1.744           22084           22167           22190          0.5000;
   198    1.753           22293           22377           22394          0.5000;
   199    1.762           22503           22587           22595          0.5000;
   200    1.771           22713           22798           22792          0.5000;
   201    1.780           22924           23009           22989          0.5000;
   202    1.789           23136           23221           23184          0.5000;
   203    1.797           23349           23435           23380          0.5000;
   204    1.806           23565           23652           23576          0.5000;
   205    1.815           23782           23869           23774          0.5000;
   206    1.824           24001           24088           23974          0.5000;
   207    1.833           24219           24306           24179          0.5000;
   208    1.842           24436           24522           24388          0.5000;
   209    1.851           24651           24736           24601          0.5000;
   210    1.859           24863           24947           24820          0.5000;
   211    1.868           25072           25155           25044          0.5000;
   212    1.877           25279           25361           25272          0.5000;
   213    1.886           25485           25567           25503          0.5000;
   214    1.895           25691           25773           25736          0.5000;
   215    1.904           25897           25980           25970          0.5000;
   216    1.913           26106           26190           26203          0.5000;
   217    1.921           26318           26404           26435          0.5000;
   218    1.930           26535           26623           26665          0.5000;
   219    1.939           26756           26845           26892          0.5000;
   220    1.948           26980           27070           27116          0.5000;
   221    1.957           27207           27298           27337          0.5000;
   222    1.966           27435           27526           27556          0.5000;
   223    1.974           27663           27755           27773          0.5000;
   224    1.983           27892           27984           27990          0.5000;
   225    1.992           28121           28213           28206          0.5000;
   226    2.001           28350           28442           28421          0.5000;
   227    2.010           28580           28671           28638          0.0000;
   228    2.019           28807           28897           28855          0.0000;
   229    2.028           29032           29121           29075          0.0000;
   230    2.036           29253           29340           29296          0.0000;
   231    2.045           29471           29557           29519          0.0000;
   232    2.054           29684           29769           29744          0.0000;
   233    2.063           29895           29977           29970          0.0000;
   234    2.072           30101           30183           30197          0.0000;
   235    2.081           30304           30384           30422          0.0000;
   236    2.090           30504           30583           30646          0.0000;
   237    2.098           30701           30779           30866          0.0000;
   238    2.107           30897           30975           31083          0.0000;
   239    2.116           31093           31172           31293          0.0000;
   240    2.125           31290           31370           31499          0.0000;
   241    2.134           31489           31569           31697          0.0000;
   242    2.143           31689           31769           31890          0.0000;
   243    2.152           31891           31971           32076          0.0000;
   244    2.160           32093           32174           32257          0.0000;
   245    2.169           32295           32375           32433          0.0000;
   246    2.178           32496           32575           32607          0.0000;
   247    2.187           32693           32772           32779          0.0000;
   248    2.196           32888           32965           32950          0.0000;
   249    2.205           33078           33152           33121          0.0000;
   250    2.214           33263           33336           33293          0.0000;
   251    2.222           33444           33515           33467          0.0000;
   252    2.231           33620           33689           33642          0.0000;
   253    2.240           33792           33860           33819          0.0000;
   254    2.249           33961           34027           33996          0.0000;
   255    2.258           34126           34191           34174          0.0000;
   256    2.267           34288           34353           34353          0.0000;
   257    2.276           34448           34512           34530          0.0000;
   258    2.284           34607           34670           34706          0.0000;
   259    2.293           34764           34826           34879          0.0000;
   260    2.302           34920           34982           35048          0.0000;
   261    2.311           35075           35137           35213          0.0000;
   262    2.320           35229           35289           35373          0.0000;
   263    2.329           35381           35441           35528          0.0000;
   264    2.338           35532           35592           35677          0.0000;
   265    2.346           35682           35741           35822          0.0000;
   266    2.355           35830           35889           35961          0.0000;
   267    2.364           35977           36035           36096          0.0000;
   268    2.373           36123           36181           36226          0.0000;
   269    2.382           36268           36325           36353          0.0000;
   270    2.391           36411           36469           36477          0.0000;
   271    2.399           36554           36611           36600          0.0000;
   272    2.408           36695           36751           36721          0.0000;
   273    2.417           36835           36889           36844          0.0000;
   274    2.426           36971           37025           36966          0.0000;
   275    2.435           37104           37157           37090          0.0000;
   276    2.444           37234           37285           37215          0.0000;
   277    2.453           37361           37410           37343          0.0000;
   278    2.461           37483           37531           37473          0.0000;
   279    2.470           37602           37649           37603          0.0000;
   280    2.479           37717           37762           37735          0.0000;
   281    2.488           37829           37872           37866          0.0000;
   282    2.497           37937           37979           37996          0.0000;
   283    2.506           38041           38082           38124          0.0000;
   284    2.515           38143           38184           38248          0.0000;
   285    2.523           38243           38283           38368          0.0000;
   286    2.532           38341           38380           38482          0.0000;
   287    2.541           38438           38476           38589          0.0000;
   288    2.550           38533           38571           38690          0.0000;
   289    2.559           38628           38666           38783          0.0000;
   290    2.568           38723           38761           38869          0.0000;
   291    2.577           38817           38855           38949          0.0000;
   292    2.585           38912           38949           39022          0.0000;
   293    2.594           39005           39043           39091          0.0000;
   294    2.603           39099           39135           39156          0.0000;
   295    2.612           39191           39227           39218          0.0000;
   296    2.621           39281           39316           39280          0.0000;
   297    2.630           39368           39402           39341          0.0000;
   298    2.639           39453           39485           39404          0.0000;
   299    2.647           39534           39565           39470          0.0000;
   300    2.656           39611           39640           39539          0.0000;
   301    2.665           39683           39711           39611          0.0000;
   302    2.674           39752           39778           39686          0.0000;
   303    2.683           39816           39841           39765          0.0000;
   304    2.692           39877           39900           39845          0.0000;
   305    2.701           39935           39957           39927          0.0000;
   306    2.709           39990           40011           40009          0.0000;
   307    2.718           40043           40064           40090          0.0000;
   308    2.727           40094           40115           40168          0.0000;
   309    2.736           40145           40165           40242          0.0000;
   310    2.745           40195           40215           40312          0.0000;
   311    2.754           40246           40266           40375          0.0000;
   312    2.763           40297           40318           40432          0.0000;
   313    2.771           40349           40369           40483          0.0000;
   314    2.780           40400           40421           40527          0.0000;
   315    2.789           40452           40472           40564          0.0000;
   316    2.798           40503           40524           40597          0.0000;
   317    2.807           40555           40575           40624          0.0000;
   318    2.816           40604           40623           40649          0.0000;
   319    2.824           40651           40669           40671          0.0000;
   320    2.833           40695           40712           40691          0.0000;
   321    2.842           40737           40752           40712          0.0000;
   322    2.851           40775           40789           40734          0.0000;
   323    2.860           40809           40821           40757          0.0000;
   324    2.869           40838           40848           40782          0.0000;
   325    2.878           40863           40871           40810          0.0000;
   326    2.886           40883           40889           40839          0.0000;
   327    2.895           40898           40903           40870          0.0000;
   328    2.904           40910           40914           40901          0.0000;
   329    2.913           40919           40921           40932          0.0000;
   330    2.922           40924           40926           40962          0.0000;
   331    2.931           40928           40929           40988          0.0000;
   332    2.940           40930           40930           41011          0.0000;
   333    2.948           40931           40931           41029          0.0000;
   334    2.957           40932           40932           41041          0.0000;
   335    2.966           40933           40934           41048          0.0000;
   336    2.975           40935           40935           41048          0.0000;
   337    2.984           40936           40937           41041          0.0000;
   338    2.993           40938           40939           41029          0.0000;
   339    3.002           40939           40940           41012          0.0000;
   340    3.010           40940           40941           40992          0.0000;
   341    3.019           40941           40940           40969          0.0000;
   342    3.028           40939           40939           40944          0.0000;
   343    3.037           40936           40935           40920          0.0000;
   344    3.046           40931           40928           40896          0.0000;
   345    3.055           40923           40920           40873          0.0000;
   346    3.064           40913           40908           40854          0.0000;
   347    3.072           40900           40895           40837          0.0000;
   348    3.081           40885           40878           40823          0.0000;
   349    3.090           40867           40859           40812          0.0000;
   350    3.099           40847           40838           40803          0.0000;
   351    3.108           40825           40816           40796          0.0000;
   352    3.117           40802           40792           40790          0.0000;
   353    3.126           40778           40768           40785          0.0000;
   354    3.134           40754           40744           40779          0.0000;
   355    3.143           40730           40721           40772          0.0000;
   356    3.152           40708           40699           40762          0.0000;
   357    3.161           40687           40679           40749          0.0000;
   358    3.170           40668           40660           40734          0.0000;
   359    3.179           40650           40643           40715          0.0000;
   360    3.188           40634           40628           40693          0.0000;
   361    3.196           40619           40613           40669          0.0000;
   362    3.205           40605           40599           40642          0.0000;
   363    3.214           40592           40587           40613          0.0000;
   364    3.223           40579           40574           40584          0.0000;
   365    3.232           40566           40561           40554          0.0000;
   366    3.241           40553           40548           40525          0.0000;
   367    3.249           40539           40534           40498          0.0000;
   368    3.258           40525           40519           40472          0.0000;
   369    3.267           40509           40503           40450          0.0000;
   370    3.276           40493           40486           40431          0.0000;
   371    3.285           40475           40468           40414          0.0000;
   372    3.294           40457           40449           40401          0.0000;
   373    3.303           40438           40430           40390          0.0000;
   374    3.311           40419           40411           40382          0.0000;
   375    3.320           40399           40391           40376          0.0000;
   376    3.329           40379           40371           40371          0.0000;
   377    3.338           40359           40352           40366          0.0000;
   378    3.347           40340           40333           40361          0.0000;
   379    3.356           40322           40315           40356          0.0000;
   380    3.365           40305           40298           40348          0.0000;
   381    3.373           40289           40283           40339          0.0000;
   382    3.382           40275           40270           40328          0.0000;
   383    3.391           40263           40259           40314          0.0000;
   384    3.400           40253           40250           40298          0.0000;
   385    3.409           40246           40243           40280          0.0000;
   386    3.418           40240           40238           40261          0.0000;
   387    3.427           40236           40234           40241          0.0000;
   388    3.435           40232           40231           40222          0.0000;
   389    3.444           40230           40229           40203          0.0000;
   390    3.453           40228           40227           40186          0.0000;
   391    3.462           40226           40225           40171          0.0000;
   392    3.471           40224           40223           40160          0.0000;
   393    3.480           40221           40220           40151          0.0000;
   394    3.489           40217           40216           40147          0.0000;
   395    3.497           40213           40211           40146          0.0000;
   396    3.506           40208           40205           40148          0.0000;
   397    3.515           40202           40200           40154          0.0000;
   398    3.524           40196           40194           40162          0.0000;
   399    3.533           40190           40188           40171          0.0000;
   400    3.542           40185           40183           40181          0.0000;
   401    3.551           40180           40179           40191          0.0000;
   402    3.559           40177           40176           40200          0.0000;
   403    3.568           40175           40175           40207          0.0000;
   404    3.577           40175           40176           40213          0.0000;
   405    3.586           40177           40178           40216          0.0000;
   406    3.595           40180           40182           40217          0.0000;
   407    3.604           40185           40187           40216          0.0000;
   408    3.613           40191           40193           40213          0.0000;
   409    3.621           40197           40199           40208          0.0000;
   410    3.630           40203           40205           40204          0.0000;
   411    3.639           40209           40211           40199          0.0000;
   412    3.648           40215           40217           40195          0.0000;
   413    3.657           40219           40221           40192          0.0000;
   414    3.666           40223           40224           40190          0.0000;
   415    3.674           40225           40225           40190          0.0000;
   416    3.683           40225           40225           40191          0.0000;
   417    3.692           40224           40224           40195          0.0000;
   418    3.701           40222           40221           40199          0.0000;
   419    3.710           40219           40218           40205          0.0000;
   420    3.719           40216           40215           40210          0.0000;
   421    3.728           40212           40211           40216          0.0000;
   422    3.736           40209           40208           40221          0.0000;
   423    3.745           40207           40206           40225          0.0000;
   424    3.754           40205           40205           40227          0.0000;
   425    3.763           40205           40205           40228          0.0000;
   426    3.772           40205           40206           40228          0.0000;
   427    3.781           40207           40208           40225          0.0000;
   428    3.790           40209           40210           40222          0.0000;
   429    3.798           40212           40213           40218          0.0000;
   430    3.807           40215           40215           40213          0.0000;
   431    3.816           40217           40218           40209          0.0000;
   432    3.825           40219           40220           40204          0.0000;
   433    3.834           40220           40221           40201          0.0000;
   434    3.843           40221           40221           40198          0.0000;
   435    3.852           40220           40220           40197          0.0000;
   436    3.860           40219           40218           40197          0.0000;
   437    3.869           40216           40215           40197          0.0000;
   438    3.878           40214           40213           40199          0.0000;
   439    3.887           40211           40210           40201          0.0000;
   440    3.896           40208           40207           40204          0.0000;
   441    3.905           40205           40204           40206          0.0000;
   442    3.914           40203           40203           40208          0.0000;
   443    3.922           40202           40201           40210          0.0000;
   444    3.931           40201           40201           40211          0.0000;
   445    3.940           40201           40202           40212          0.0000;
   446    3.949           40203           40203           40211          0.0000;
   447    3.958           40204           40205           40210          0.0000;
   448    3.967           40206           40207           40208          0.0000;
   449    3.976           40208           40209           40206          0.0000;
   450    3.984           40210           40211           40204          0.0000]
