 Sample   Time     Commanded Pos   Encoder 1 Pos   Encoder 2 Pos   Control Effort

[    0    0.000               0               0               0          0.0000;
     1    0.009               0               1               0          0.5000;
     2    0.018               4               8               0          0.5000;
     3    0.027              13              18               0          0.5000;
     4    0.035              26              33               2          0.5000;
     5    0.044              43              50               5          0.5000;
     6    0.053              63              72              10          0.5000;
     7    0.062              85              94              18          0.5000;
     8    0.071             109             119              29          0.5000;
     9    0.080             133             144              44          0.5000;
    10    0.089             158             169              64          0.5000;
    11    0.097             184             195              88          0.5000;
    12    0.106             211             222             118          0.5000;
    13    0.115             239             250             151          0.5000;
    14    0.124             267             279             190          0.5000;
    15    0.133             297             309             231          0.5000;
    16    0.142             328             340             276          0.5000;
    17    0.151             360             373             324          0.5000;
    18    0.159             393             406             373          0.5000;
    19    0.168             428             442             423          0.5000;
    20    0.177             464             479             473          0.5000;
    21    0.186             502             518             523          0.5000;
    22    0.195             542             559             573          0.5000;
    23    0.204             584             601             620          0.5000;
    24    0.213             628             645             667          0.5000;
    25    0.221             673             691             711          0.5000;
    26    0.230             720             739             755          0.5000;
    27    0.239             769             789             796          0.5000;
    28    0.248             819             840             836          0.5000;
    29    0.257             872             892             876          0.5000;
    30    0.266             924             945             916          0.5000;
    31    0.274             976             997             956          0.5000;
    32    0.283            1027            1048             998          0.5000;
    33    0.292            1078            1098            1041          0.5000;
    34    0.301            1128            1148            1086          0.5000;
    35    0.310            1177            1196            1134          0.5000;
    36    0.319            1225            1244            1183          0.5000;
    37    0.328            1272            1290            1235          0.5000;
    38    0.336            1318            1336            1288          0.5000;
    39    0.345            1364            1382            1343          0.5000;
    40    0.354            1409            1427            1399          0.5000;
    41    0.363            1454            1472            1455          0.5000;
    42    0.372            1500            1518            1511          0.5000;
    43    0.381            1546            1565            1567          0.5000;
    44    0.390            1594            1614            1621          0.5000;
    45    0.398            1645            1666            1675          0.5000;
    46    0.407            1698            1720            1726          0.5000;
    47    0.416            1753            1776            1777          0.5000;
    48    0.425            1810            1833            1826          0.5000;
    49    0.434            1869            1893            1875          0.5000;
    50    0.443            1930            1955            1923          0.5000;
    51    0.452            1993            2019            1972          0.5000;
    52    0.460            2058            2085            2023          0.5000;
    53    0.469            2126            2154            2075          0.5000;
    54    0.478            2196            2224            2130          0.5000;
    55    0.487            2267            2296            2188          0.5000;
    56    0.496            2339            2368            2251          0.5000;
    57    0.505            2411            2440            2318          0.5000;
    58    0.514            2484            2513            2390          0.5000;
    59    0.522            2558            2587            2466          0.5000;
    60    0.531            2632            2662            2547          0.5000;
    61    0.540            2707            2737            2633          0.5000;
    62    0.549            2782            2812            2723          0.5000;
    63    0.558            2857            2887            2815          0.5000;
    64    0.567            2933            2964            2910          0.5000;
    65    0.576            3011            3042            3006          0.5000;
    66    0.584            3090            3122            3102          0.5000;
    67    0.593            3170            3203            3198          0.5000;
    68    0.602            3252            3285            3293          0.5000;
    69    0.611            3336            3370            3386          0.5000;
    70    0.620            3421            3456            3477          0.5000;
    71    0.629            3510            3546            3565          0.5000;
    72    0.638            3600            3637            3651          0.5000;
    73    0.646            3692            3729            3735          0.5000;
    74    0.655            3785            3823            3817          0.5000;
    75    0.664            3880            3918            3898          0.5000;
    76    0.673            3975            4014            3979          0.5000;
    77    0.682            4072            4110            4059          0.5000;
    78    0.691            4168            4207            4141          0.5000;
    79    0.699            4265            4304            4224          0.5000;
    80    0.708            4363            4402            4310          0.5000;
    81    0.717            4461            4501            4398          0.5000;
    82    0.726            4560            4600            4490          0.5000;
    83    0.735            4660            4700            4586          0.5000;
    84    0.744            4761            4802            4686          0.5000;
    85    0.753            4863            4904            4789          0.5000;
    86    0.761            4967            5008            4897          0.5000;
    87    0.770            5071            5113            5008          0.5000;
    88    0.779            5177            5220            5123          0.5000;
    89    0.788            5284            5327            5241          0.5000;
    90    0.797            5392            5436            5362          0.5000;
    91    0.806            5502            5546            5485          0.5000;
    92    0.815            5612            5657            5609          0.5000;
    93    0.823            5724            5769            5734          0.5000;
    94    0.832            5836            5882            5858          0.5000;
    95    0.841            5950            5995            5983          0.5000;
    96    0.850            6064            6110            6106          0.5000;
    97    0.859            6179            6226            6228          0.5000;
    98    0.868            6296            6343            6348          0.5000;
    99    0.877            6414            6461            6466          0.5000;
   100    0.885            6532            6580            6582          0.5000;
   101    0.894            6651            6699            6697          0.5000;
   102    0.903            6771            6819            6810          0.5000;
   103    0.912            6892            6941            6921          0.5000;
   104    0.921            7014            7063            7033          0.5000;
   105    0.930            7138            7187            7144          0.5000;
   106    0.939            7262            7313            7256          0.5000;
   107    0.947            7389            7440            7369          0.5000;
   108    0.956            7518            7570            7484          0.5000;
   109    0.965            7648            7700            7602          0.5000;
   110    0.974            7779            7832            7723          0.5000;
   111    0.983            7912            7965            7848          0.5000;
   112    0.992            8045            8098            7978          0.5000;
   113    1.001            8178            8231            8112          0.5000;
   114    1.009            8310            8363            8251          0.5000;
   115    1.018            8442            8495            8393          0.5000;
   116    1.027            8573            8625            8540          0.5000;
   117    1.036            8703            8754            8690          0.5000;
   118    1.045            8832            8884            8842          0.5000;
   119    1.054            8962            9013            8996          0.5000;
   120    1.063            9091            9142            9150          0.5000;
   121    1.071            9220            9273            9302          0.5000;
   122    1.080            9352            9405            9453          0.5000;
   123    1.089            9485            9539            9600          0.5000;
   124    1.098            9621            9677            9745          0.5000;
   125    1.107            9762            9819            9886          0.5000;
   126    1.116            9906            9964           10022          0.5000;
   127    1.124           10054           10115           10156          0.5000;
   128    1.133           10208           10271           10287          0.5000;
   129    1.142           10366           10430           10417          0.5000;
   130    1.151           10527           10592           10548          0.5000;
   131    1.160           10691           10757           10681          0.5000;
   132    1.169           10856           10922           10818          0.5000;
   133    1.178           11021           11086           10959          0.5000;
   134    1.186           11185           11250           11106          0.5000;
   135    1.195           11346           11410           11260          0.5000;
   136    1.204           11505           11567           11422          0.5000;
   137    1.213           11660           11722           11590          0.5000;
   138    1.222           11812           11872           11765          0.5000;
   139    1.231           11962           12021           11945          0.5000;
   140    1.240           12110           12169           12129          0.5000;
   141    1.248           12257           12316           12315          0.5000;
   142    1.257           12405           12465           12501          0.5000;
   143    1.266           12556           12618           12686          0.5000;
   144    1.275           12711           12774           12867          0.5000;
   145    1.284           12871           12936           13045          0.5000;
   146    1.293           13036           13104           13217          0.5000;
   147    1.302           13207           13277           13384          0.5000;
   148    1.310           13383           13455           13545          0.5000;
   149    1.319           13564           13638           13704          0.5000;
   150    1.328           13749           13823           13859          0.5000;
   151    1.337           13936           14011           14013          0.5000;
   152    1.346           14124           14199           14167          0.5000;
   153    1.355           14313           14388           14323          0.5000;
   154    1.364           14500           14574           14483          0.5000;
   155    1.372           14685           14759           14648          0.5000;
   156    1.381           14869           14942           14818          0.5000;
   157    1.390           15050           15122           14994          0.5000;
   158    1.399           15230           15302           15177          0.5000;
   159    1.408           15409           15481           15366          0.5000;
   160    1.417           15589           15660           15561          0.5000;
   161    1.426           15769           15841           15762          0.5000;
   162    1.434           15950           16023           15966          0.5000;
   163    1.443           16132           16205           16173          0.5000;
   164    1.452           16315           16389           16382          0.5000;
   165    1.461           16499           16573           16591          0.5000;
   166    1.470           16684           16758           16800          0.5000;
   167    1.479           16870           16945           17008          0.5000;
   168    1.488           17058           17133           17211          0.5000;
   169    1.496           17246           17323           17412          0.5000;
   170    1.505           17438           17515           17608          0.5000;
   171    1.514           17631           17710           17799          0.5000;
   172    1.523           17828           17908           17985          0.5000;
   173    1.532           18028           18110           18168          0.5000;
   174    1.541           18233           18315           18347          0.5000;
   175    1.549           18440           18524           18525          0.5000;
   176    1.558           18651           18736           18703          0.5000;
   177    1.567           18863           18948           18881          0.5000;
   178    1.576           19076           19161           19063          0.5000;
   179    1.585           19287           19371           19248          0.5000;
   180    1.594           19496           19579           19439          0.5000;
   181    1.603           19703           19784           19636          0.5000;
   182    1.611           19906           19986           19839          0.5000;
   183    1.620           20105           20185           20049          0.5000;
   184    1.629           20303           20381           20264          0.5000;
   185    1.638           20498           20576           20485          0.5000;
   186    1.647           20694           20773           20709          0.5000;
   187    1.656           20891           20971           20935          0.5000;
   188    1.665           21090           21171           21162          0.5000;
   189    1.673           21292           21373           21388          0.5000;
   190    1.682           21496           21578           21613          0.5000;
   191    1.691           21703           21786           21835          0.5000;
   192    1.700           21912           21996           22054          0.5000;
   193    1.709           22122           22207           22270          0.5000;
   194    1.718           22335           22420           22481          0.5000;
   195    1.727           22548           22634           22688          0.5000;
   196    1.735           22764           22850           22891          0.5000;
   197    1.744           22980           23067           23092          0.5000;
   198    1.753           23198           23286           23290          0.5000;
   199    1.762           23418           23507           23488          0.5000;
   200    1.771           23641           23731           23685          0.5000;
   201    1.780           23866           23956           23884          0.5000;
   202    1.789           24092           24182           24086          0.5000;
   203    1.797           24317           24407           24291          0.5000;
   204    1.806           24541           24630           24500          0.5000;
   205    1.815           24762           24850           24716          0.5000;
   206    1.824           24981           25068           24938          0.5000;
   207    1.833           25196           25282           25164          0.5000;
   208    1.842           25409           25494           25397          0.5000;
   209    1.851           25621           25705           25633          0.5000;
   210    1.859           25832           25916           25872          0.5000;
   211    1.868           26043           26128           26113          0.5000;
   212    1.877           26257           26343           26355          0.5000;
   213    1.886           26474           26562           26596          0.5000;
   214    1.895           26695           26784           26835          0.5000;
   215    1.904           26919           27010           27071          0.5000;
   216    1.913           27147           27239           27305          0.5000;
   217    1.921           27377           27470           27535          0.5000;
   218    1.930           27609           27702           27761          0.5000;
   219    1.939           27842           27935           27985          0.5000;
   220    1.948           28075           28169           28207          0.5000;
   221    1.957           28310           28404           28426          0.5000;
   222    1.966           28546           28641           28645          0.5000;
   223    1.974           28785           28881           28864          0.5000;
   224    1.983           29025           29122           29083          0.5000;
   225    1.992           29268           29365           29303          0.5000;
   226    2.001           29511           29608           29526          0.5000;
   227    2.010           29754           29850           29754          0.0000;
   228    2.019           29993           30087           29986          0.0000;
   229    2.028           30227           30318           30222          0.0000;
   230    2.036           30454           30544           30463          0.0000;
   231    2.045           30676           30763           30707          0.0000;
   232    2.054           30892           30978           30953          0.0000;
   233    2.063           31105           31190           31201          0.0000;
   234    2.072           31316           31400           31448          0.0000;
   235    2.081           31525           31609           31692          0.0000;
   236    2.090           31735           31819           31932          0.0000;
   237    2.098           31945           32030           32166          0.0000;
   238    2.107           32157           32242           32392          0.0000;
   239    2.116           32370           32455           32611          0.0000;
   240    2.125           32583           32668           32822          0.0000;
   241    2.134           32796           32881           33024          0.0000;
   242    2.143           33009           33094           33219          0.0000;
   243    2.152           33221           33305           33407          0.0000;
   244    2.160           33432           33516           33590          0.0000;
   245    2.169           33642           33725           33768          0.0000;
   246    2.178           33850           33933           33943          0.0000;
   247    2.187           34057           34139           34116          0.0000;
   248    2.196           34261           34342           34290          0.0000;
   249    2.205           34462           34542           34465          0.0000;
   250    2.214           34660           34738           34643          0.0000;
   251    2.222           34853           34929           34825          0.0000;
   252    2.231           35042           35116           35010          0.0000;
   253    2.240           35225           35297           35199          0.0000;
   254    2.249           35402           35472           35391          0.0000;
   255    2.258           35574           35642           35585          0.0000;
   256    2.267           35741           35806           35781          0.0000;
   257    2.276           35903           35966           35977          0.0000;
   258    2.284           36061           36124           36171          0.0000;
   259    2.293           36217           36279           36361          0.0000;
   260    2.302           36372           36434           36545          0.0000;
   261    2.311           36528           36591           36723          0.0000;
   262    2.320           36685           36748           36893          0.0000;
   263    2.329           36844           36908           37055          0.0000;
   264    2.338           37005           37070           37207          0.0000;
   265    2.346           37167           37233           37352          0.0000;
   266    2.355           37331           37397           37490          0.0000;
   267    2.364           37496           37562           37622          0.0000;
   268    2.373           37660           37726           37749          0.0000;
   269    2.382           37823           37887           37874          0.0000;
   270    2.391           37982           38045           37998          0.0000;
   271    2.399           38138           38198           38122          0.0000;
   272    2.408           38288           38346           38248          0.0000;
   273    2.417           38432           38488           38378          0.0000;
   274    2.426           38570           38623           38511          0.0000;
   275    2.435           38701           38752           38648          0.0000;
   276    2.444           38826           38875           38789          0.0000;
   277    2.453           38946           38993           38931          0.0000;
   278    2.461           39062           39107           39076          0.0000;
   279    2.470           39174           39218           39221          0.0000;
   280    2.479           39284           39327           39364          0.0000;
   281    2.488           39392           39435           39504          0.0000;
   282    2.497           39499           39542           39639          0.0000;
   283    2.506           39607           39651           39768          0.0000;
   284    2.515           39716           39760           39891          0.0000;
   285    2.523           39826           39871           40006          0.0000;
   286    2.532           39938           39983           40113          0.0000;
   287    2.541           40052           40097           40214          0.0000;
   288    2.550           40166           40212           40307          0.0000;
   289    2.559           40281           40327           40395          0.0000;
   290    2.568           40395           40441           40479          0.0000;
   291    2.577           40508           40553           40560          0.0000;
   292    2.585           40619           40662           40640          0.0000;
   293    2.594           40726           40768           40721          0.0000;
   294    2.603           40829           40869           40802          0.0000;
   295    2.612           40928           40966           40886          0.0000;
   296    2.621           41021           41057           40974          0.0000;
   297    2.630           41109           41143           41064          0.0000;
   298    2.639           41192           41224           41158          0.0000;
   299    2.647           41270           41300           41254          0.0000;
   300    2.656           41344           41372           41352          0.0000;
   301    2.665           41414           41441           41450          0.0000;
   302    2.674           41481           41507           41547          0.0000;
   303    2.683           41546           41572           41642          0.0000;
   304    2.692           41611           41637           41733          0.0000;
   305    2.701           41676           41702           41819          0.0000;
   306    2.709           41741           41768           41899          0.0000;
   307    2.718           41808           41835           41972          0.0000;
   308    2.727           41876           41904           42038          0.0000;
   309    2.736           41946           41975           42097          0.0000;
   310    2.745           42018           42047           42151          0.0000;
   311    2.754           42091           42120           42199          0.0000;
   312    2.763           42165           42194           42243          0.0000;
   313    2.771           42238           42268           42284          0.0000;
   314    2.780           42311           42339           42325          0.0000;
   315    2.789           42382           42410           42366          0.0000;
   316    2.798           42450           42477           42408          0.0000;
   317    2.807           42516           42541           42454          0.0000;
   318    2.816           42578           42602           42504          0.0000;
   319    2.824           42636           42658           42558          0.0000;
   320    2.833           42689           42710           42618          0.0000;
   321    2.842           42739           42758           42681          0.0000;
   322    2.851           42785           42802           42748          0.0000;
   323    2.860           42827           42843           42817          0.0000;
   324    2.869           42866           42881           42888          0.0000;
   325    2.878           42903           42917           42958          0.0000;
   326    2.886           42938           42952           43026          0.0000;
   327    2.895           42973           42987           43091          0.0000;
   328    2.904           43008           43022           43151          0.0000;
   329    2.913           43043           43057           43204          0.0000;
   330    2.922           43079           43093           43250          0.0000;
   331    2.931           43116           43131           43289          0.0000;
   332    2.940           43154           43169           43321          0.0000;
   333    2.948           43193           43209           43345          0.0000;
   334    2.957           43233           43249           43363          0.0000;
   335    2.966           43273           43289           43376          0.0000;
   336    2.975           43313           43329           43384          0.0000;
   337    2.984           43351           43366           43390          0.0000;
   338    2.993           43387           43400           43395          0.0000;
   339    3.002           43419           43431           43401          0.0000;
   340    3.010           43448           43458           43407          0.0000;
   341    3.019           43472           43481           43417          0.0000;
   342    3.028           43492           43499           43430          0.0000;
   343    3.037           43507           43512           43445          0.0000;
   344    3.046           43517           43520           43465          0.0000;
   345    3.055           43523           43524           43487          0.0000;
   346    3.064           43524           43523           43510          0.0000;
   347    3.072           43521           43519           43535          0.0000;
   348    3.081           43516           43513           43559          0.0000;
   349    3.090           43508           43505           43580          0.0000;
   350    3.099           43500           43497           43598          0.0000;
   351    3.108           43493           43490           43611          0.0000;
   352    3.117           43486           43484           43619          0.0000;
   353    3.126           43481           43479           43621          0.0000;
   354    3.134           43477           43477           43616          0.0000;
   355    3.143           43476           43476           43604          0.0000;
   356    3.152           43476           43476           43587          0.0000;
   357    3.161           43477           43478           43566          0.0000;
   358    3.170           43479           43480           43540          0.0000;
   359    3.179           43481           43481           43513          0.0000;
   360    3.188           43482           43482           43485          0.0000;
   361    3.196           43481           43480           43458          0.0000;
   362    3.205           43477           43475           43432          0.0000;
   363    3.214           43471           43468           43410          0.0000;
   364    3.223           43462           43458           43391          0.0000;
   365    3.232           43451           43445           43376          0.0000;
   366    3.241           43436           43430           43366          0.0000;
   367    3.249           43419           43411           43360          0.0000;
   368    3.258           43399           43390           43357          0.0000;
   369    3.267           43377           43368           43357          0.0000;
   370    3.276           43354           43344           43358          0.0000;
   371    3.285           43329           43319           43359          0.0000;
   372    3.294           43304           43294           43360          0.0000;
   373    3.303           43280           43270           43358          0.0000;
   374    3.311           43257           43248           43353          0.0000;
   375    3.320           43236           43228           43344          0.0000;
   376    3.329           43217           43210           43330          0.0000;
   377    3.338           43201           43195           43312          0.0000;
   378    3.347           43188           43183           43289          0.0000;
   379    3.356           43177           43173           43262          0.0000;
   380    3.365           43168           43165           43232          0.0000;
   381    3.373           43161           43158           43200          0.0000;
   382    3.382           43155           43153           43167          0.0000;
   383    3.391           43149           43147           43135          0.0000;
   384    3.400           43144           43141           43104          0.0000;
   385    3.409           43137           43134           43077          0.0000;
   386    3.418           43128           43124           43053          0.0000;
   387    3.427           43118           43113           43034          0.0000;
   388    3.435           43106           43100           43020          0.0000;
   389    3.444           43091           43085           43011          0.0000;
   390    3.453           43074           43067           43006          0.0000;
   391    3.462           43056           43048           43006          0.0000;
   392    3.471           43036           43028           43009          0.0000;
   393    3.480           43015           43007           43014          0.0000;
   394    3.489           42994           42986           43019          0.0000;
   395    3.497           42974           42966           43024          0.0000;
   396    3.506           42956           42949           43026          0.0000;
   397    3.515           42939           42933           43026          0.0000;
   398    3.524           42925           42920           43022          0.0000;
   399    3.533           42914           42910           43015          0.0000;
   400    3.542           42906           42903           43003          0.0000;
   401    3.551           42900           42899           42987          0.0000;
   402    3.559           42898           42898           42968          0.0000;
   403    3.568           42898           42898           42948          0.0000;
   404    3.577           42899           42900           42926          0.0000;
   405    3.586           42902           42903           42904          0.0000;
   406    3.595           42904           42905           42883          0.0000;
   407    3.604           42906           42907           42865          0.0000;
   408    3.613           42908           42908           42850          0.0000;
   409    3.621           42907           42906           42839          0.0000;
   410    3.630           42904           42903           42832          0.0000;
   411    3.639           42900           42898           42830          0.0000;
   412    3.648           42894           42892           42833          0.0000;
   413    3.657           42887           42884           42839          0.0000;
   414    3.666           42880           42876           42848          0.0000;
   415    3.674           42871           42868           42860          0.0000;
   416    3.683           42863           42860           42873          0.0000;
   417    3.692           42856           42853           42886          0.0000;
   418    3.701           42849           42847           42898          0.0000;
   419    3.710           42844           42843           42907          0.0000;
   420    3.719           42841           42841           42915          0.0000;
   421    3.728           42841           42841           42919          0.0000;
   422    3.736           42842           42844           42921          0.0000;
   423    3.745           42846           42848           42919          0.0000;
   424    3.754           42852           42854           42914          0.0000;
   425    3.763           42859           42862           42907          0.0000;
   426    3.772           42866           42869           42899          0.0000;
   427    3.781           42874           42877           42891          0.0000;
   428    3.790           42881           42884           42882          0.0000;
   429    3.798           42888           42890           42875          0.0000;
   430    3.807           42893           42895           42870          0.0000;
   431    3.816           42897           42898           42867          0.0000;
   432    3.825           42899           42899           42866          0.0000;
   433    3.834           42899           42898           42868          0.0000;
   434    3.843           42897           42896           42872          0.0000;
   435    3.852           42894           42892           42879          0.0000;
   436    3.860           42889           42887           42887          0.0000;
   437    3.869           42884           42882           42896          0.0000;
   438    3.878           42880           42878           42904          0.0000;
   439    3.887           42875           42874           42912          0.0000;
   440    3.896           42872           42871           42919          0.0000;
   441    3.905           42869           42869           42924          0.0000;
   442    3.914           42869           42869           42927          0.0000;
   443    3.922           42869           42870           42928          0.0000;
   444    3.931           42871           42872           42926          0.0000;
   445    3.940           42874           42876           42922          0.0000;
   446    3.949           42878           42880           42917          0.0000;
   447    3.958           42883           42885           42911          0.0000;
   448    3.967           42888           42889           42904          0.0000;
   449    3.976           42892           42893           42898          0.0000;
   450    3.984           42895           42896           42892          0.0000]
