 Sample   Time     Encoder 1 Pos   Encoder 2 Pos   Control Effort

[    0    0.000              -1               0          0.0000;
     1    0.009              -1               0          0.0000;
     2    0.018              -1               0          0.0000;
     3    0.027              -1               0          0.0000;
     4    0.035              -1               0          0.0000;
     5    0.044              -1               0          0.0000;
     6    0.053              -1               0          0.0000;
     7    0.062              -1               0          0.0000;
     8    0.071              -1               0          0.0000;
     9    0.080              -1               0          0.0000;
    10    0.089              -1               0          0.0000;
    11    0.097              -1               0          0.0000;
    12    0.106              -1               0          0.0000;
    13    0.115              -1               0          0.0000;
    14    0.124              -1               0          0.0000;
    15    0.133              -1               0          0.0000;
    16    0.142              -1               0          0.0000;
    17    0.151              -1               0          0.0000;
    18    0.159              -1               0          0.0000;
    19    0.168              -1               0          0.0000;
    20    0.177              -1               0          0.0000;
    21    0.186              -1               0          0.0000;
    22    0.195              -1               0          0.0000;
    23    0.204              -1               0          0.0000;
    24    0.213              -1               0          0.0000;
    25    0.221              -1               0          0.0000;
    26    0.230              -1               0          0.0000;
    27    0.239              -1               0          0.0000;
    28    0.248              -1               0          0.0000;
    29    0.257              -1               0          0.0000;
    30    0.266              -1               0          0.0000;
    31    0.274              -1               0          0.0000;
    32    0.283              -1               0          0.0000;
    33    0.292              -1               0          0.0000;
    34    0.301              -1               0          0.0000;
    35    0.310              -1               0          0.0000;
    36    0.319              -1               0          0.0000;
    37    0.328              -1               0          0.0000;
    38    0.336              -1               0          0.0000;
    39    0.345              -1               0          0.0000;
    40    0.354              -1               0          0.0000;
    41    0.363              -1               0          0.0000;
    42    0.372              -1               0          0.0000;
    43    0.381              -1               0          0.0000;
    44    0.390              -1               0          0.0000;
    45    0.398              -1               0          0.0000;
    46    0.407              -1               0          0.0000;
    47    0.416              -1               0          0.0000;
    48    0.425              -1               0          0.0000;
    49    0.434              -1               0          0.0000;
    50    0.443              -1               0          0.0000;
    51    0.452              -1               0          0.0000;
    52    0.460              -1               0          0.0000;
    53    0.469              -1               0          0.0000;
    54    0.478              -1               0          0.0000;
    55    0.487              -1               0          0.0000;
    56    0.496              -1               0          0.0000;
    57    0.505              -1               0          0.0000;
    58    0.514              -1               0          0.0000;
    59    0.522              -1               0          0.0000;
    60    0.531              -1               0          0.0000;
    61    0.540              -1               0          0.0000;
    62    0.549              -1               0          0.0000;
    63    0.558              -1               0          0.0000;
    64    0.567              -1               0          0.0000;
    65    0.576              -1               0          0.0000;
    66    0.584              -1               0          0.0000;
    67    0.593              -1               0          0.0000;
    68    0.602              -1               0          0.0000;
    69    0.611              -1               0          0.0000;
    70    0.620              -1               0          0.0000;
    71    0.629              -1               0          0.0000;
    72    0.638              -1               0          0.0000;
    73    0.646              -1               0          0.0000;
    74    0.655              -1               0          0.0000;
    75    0.664              -1               0          0.0000;
    76    0.673              -1               0          0.0000;
    77    0.682              -1               0          0.0000;
    78    0.691              -1               0          0.0000;
    79    0.699              -1               0          0.0000;
    80    0.708              -1               0          0.0000;
    81    0.717              -1               0          0.0000;
    82    0.726              -1               0          0.0000;
    83    0.735              -1               0          0.0000;
    84    0.744              -1               0          0.0000;
    85    0.753              -1               0          0.0000;
    86    0.761              -1               0          0.0000;
    87    0.770              -1               0          0.0000;
    88    0.779              -1               0          0.0000;
    89    0.788              -1               0          0.0000;
    90    0.797              -1               0          0.0000;
    91    0.806              -1               0          0.0000;
    92    0.815              -1               0          0.0000;
    93    0.823              -1               0          0.0000;
    94    0.832              -1               0          0.0000;
    95    0.841              -1               0          0.0000;
    96    0.850              -1               0          0.0000;
    97    0.859              -1               0          0.0000;
    98    0.868              -1               0          0.0000;
    99    0.877              -1               0          0.0000;
   100    0.885              -1               0          0.0000;
   101    0.894              -1               0          0.0000;
   102    0.903              -1               0          0.0000;
   103    0.912              -1               0          0.0000;
   104    0.921              -1               0          0.0000;
   105    0.930              -1               0          0.0000;
   106    0.939              -1               0          0.0000;
   107    0.947              -1               0          0.0000;
   108    0.956              -1               0          0.0000;
   109    0.965              -1               0          0.0000;
   110    0.974              -1               0          0.0000;
   111    0.983              -1               0          0.0000;
   112    0.992              -1               0          0.0000;
   113    1.001              -1               0          0.0000;
   114    1.009              -1               0          0.0000;
   115    1.018              -1               0          0.0000;
   116    1.027              -1               0          0.0000;
   117    1.036              -1               0          0.0000;
   118    1.045              -1               0          0.0000;
   119    1.054              -1               0          0.0000;
   120    1.063              -1               0          0.0000;
   121    1.071              -1               0          0.0000;
   122    1.080              -1               0          0.0000;
   123    1.089              -1               0          0.0000;
   124    1.098              -1               0          0.0000;
   125    1.107              -1               0          0.0000;
   126    1.116              -1               0          0.0000;
   127    1.124              -1               0          0.0000;
   128    1.133              -1               0          0.0000;
   129    1.142              -1               0          0.0000;
   130    1.151              -1               0          0.0000;
   131    1.160              -1               0          0.0000;
   132    1.169              -1               0          0.0000;
   133    1.178              -1               0          0.0000;
   134    1.186              -1               0          0.0000;
   135    1.195              -1               0          0.0000;
   136    1.204              -1               0          0.0000;
   137    1.213              -1               0          0.0000;
   138    1.222              -1               0          0.0000;
   139    1.231              -1               0          0.0000;
   140    1.240              -1               0          0.0000;
   141    1.248              -1               0          0.0000;
   142    1.257              -1               0          0.0000;
   143    1.266              -1               0          0.0000;
   144    1.275              -1               0          0.0000;
   145    1.284              -1               0          0.0000;
   146    1.293              -1               0          0.0000;
   147    1.302              -1               0          0.0000;
   148    1.310              -1               0          0.0000;
   149    1.319              -1               0          0.0000;
   150    1.328              -1               0          0.0000;
   151    1.337              -1               0          0.0000;
   152    1.346              -1               0          0.0000;
   153    1.355              -1               0          0.0000;
   154    1.364              -1               0          0.0000;
   155    1.372              -1               0          0.0000;
   156    1.381              -1               0          0.0000;
   157    1.390              -1               0          0.0000;
   158    1.399              -1               0          0.0000;
   159    1.408              -1               0          0.0000;
   160    1.417              -1               0          0.0000;
   161    1.426              -1               0          0.0000;
   162    1.434              -1               0          0.0000;
   163    1.443              -1               0          0.0000;
   164    1.452              -1               0          0.0000;
   165    1.461              -1               0          0.0000;
   166    1.470              -1               0          0.0000;
   167    1.479              -1               0          0.0000;
   168    1.488              -1               0          0.0000;
   169    1.496              -1               0          0.0000;
   170    1.505              -1               0          0.0000;
   171    1.514              -1               0          0.0000;
   172    1.523              -1               0          0.0000;
   173    1.532              -1               0          0.0000;
   174    1.541              -1               0          0.0000;
   175    1.549              -1               0          0.0000;
   176    1.558              -1               0          0.0000;
   177    1.567              -1               0          0.0000;
   178    1.576              -1               0          0.0000;
   179    1.585              -1               0          0.0000;
   180    1.594              -1               0          0.0000;
   181    1.603              -1               0          0.0000;
   182    1.611              -1               0          0.0000;
   183    1.620              -1               0          0.0000;
   184    1.629              -1               0          0.0000;
   185    1.638              -1               0          0.0000;
   186    1.647              -1               0          0.0000;
   187    1.656              -1               0          0.0000;
   188    1.665              -1               0          0.0000;
   189    1.673              -1               0          0.0000;
   190    1.682              -1               0          0.0000;
   191    1.691              -1               0          0.0000;
   192    1.700              -1               0          0.0000;
   193    1.709              -1               0          0.0000;
   194    1.718              -1               0          0.0000;
   195    1.727              -1               0          0.0000;
   196    1.735              -1               0          0.0000;
   197    1.744              -1               0          0.0000;
   198    1.753              -1               0          0.0000;
   199    1.762              -1               0          0.0000;
   200    1.771              -1               0          0.0000;
   201    1.780              -1               0          0.0000;
   202    1.789              -1               0          0.0000;
   203    1.797              -1               0          0.0000;
   204    1.806              -1               0          0.0000;
   205    1.815              -1               0          0.0000;
   206    1.824              -1               0          0.0000;
   207    1.833              -1               0          0.0000;
   208    1.842              -1               0          0.0000;
   209    1.851              -1               0          0.0000;
   210    1.859              -1               0          0.0000;
   211    1.868              -1               0          0.0000;
   212    1.877              -1               0          0.0000;
   213    1.886              -1               0          0.0000;
   214    1.895              -1               0          0.0000;
   215    1.904              -1               0          0.0000;
   216    1.913              -1               0          0.0000;
   217    1.921              -1               0          0.0000;
   218    1.930              -1               0          0.0000;
   219    1.939              -1               0          0.0000;
   220    1.948              -1               0          0.0000;
   221    1.957              -1               0          0.0000;
   222    1.966              -1               0          0.0000;
   223    1.974              -1               0          0.0000;
   224    1.983              -1               0          0.0000;
   225    1.992              -1               0          0.0000;
   226    2.001              -1               0          0.0000;
   227    2.010              -1               0          0.0000;
   228    2.019              -1               0          0.0000;
   229    2.028              -1               0          0.0000;
   230    2.036              -1               0          0.0000;
   231    2.045              -1               0          0.0000;
   232    2.054              -1               0          0.0000;
   233    2.063              -1               0          0.0000;
   234    2.072              -1               0          0.0000;
   235    2.081              -1               0          0.0000;
   236    2.090              -1               0          0.0000;
   237    2.098              -1               0          0.0000;
   238    2.107              -1               0          0.0000;
   239    2.116              -1               0          0.0000;
   240    2.125              -1               0          0.0000;
   241    2.134              -1               0          0.0000;
   242    2.143              -1               0          0.0000;
   243    2.152              -1               0          0.0000;
   244    2.160              -1               0          0.0000;
   245    2.169              -1               0          0.0000;
   246    2.178              -1               0          0.0000;
   247    2.187              -1               0          0.0000;
   248    2.196              -1               0          0.0000;
   249    2.205              -1               0          0.0000;
   250    2.214              -1               0          0.0000;
   251    2.222              -1               0          0.0000;
   252    2.231              -1               0          0.0000;
   253    2.240              -1               0          0.0000;
   254    2.249              -1               0          0.0000;
   255    2.258              -1               0          0.0000;
   256    2.267              -1               0          0.0000;
   257    2.276              -1               0          0.0000;
   258    2.284              -1               0          0.0000;
   259    2.293              -1               0          0.0000;
   260    2.302              -1               0          0.0000;
   261    2.311              -1               0          0.0000;
   262    2.320              -1               0          0.0000;
   263    2.329              -1               0          0.0000;
   264    2.338              -1               0          0.0000;
   265    2.346              -1               0          0.0000;
   266    2.355              -1               0          0.0000;
   267    2.364              -1               0          0.0000;
   268    2.373              -1               0          0.0000;
   269    2.382              -1               0          0.0000;
   270    2.391              -1               0          0.0000;
   271    2.399              -1               0          0.0000;
   272    2.408              -1               0          0.0000;
   273    2.417              -1               0          0.0000;
   274    2.426              -1               0          0.0000;
   275    2.435              -1               0          0.0000;
   276    2.444              -1               0          0.0000;
   277    2.453              -1               0          0.0000;
   278    2.461              -1               0          0.0000;
   279    2.470              -1               0          0.0000;
   280    2.479              -1               0          0.0000;
   281    2.488              -1               0          0.0000;
   282    2.497              -1               0          0.0000;
   283    2.506              -1               0          0.0000;
   284    2.515              -1               0          0.0000;
   285    2.523              -1               0          0.0000;
   286    2.532              -1               0          0.0000;
   287    2.541              -1               0          0.0000;
   288    2.550              -1               0          0.0000;
   289    2.559              -1               0          0.0000;
   290    2.568              -1               0          0.0000;
   291    2.577              -1               0          0.0000;
   292    2.585              -1               0          0.0000;
   293    2.594              -1               0          0.0000;
   294    2.603              -1               0          0.0000;
   295    2.612              -1               0          0.0000;
   296    2.621              -1               0          0.0000;
   297    2.630              -1               0          0.0000;
   298    2.639              -1               0          0.0000;
   299    2.647              -1               0          0.0000;
   300    2.656              -1               0          0.0000;
   301    2.665              -1               0          0.0000;
   302    2.674              -1               0          0.0000;
   303    2.683              -1               0          0.0000;
   304    2.692              -1               0          0.0000;
   305    2.701              -1               0          0.0000;
   306    2.709              -1               0          0.0000;
   307    2.718              -1               0          0.0000;
   308    2.727              -1               0          0.0000;
   309    2.736              -1               0          0.0000;
   310    2.745              -1               0          0.0000;
   311    2.754              -1               0          0.0000;
   312    2.763              -1               0          0.0000;
   313    2.771              -1               2          0.0000;
   314    2.780              -1              17          0.0000;
   315    2.789              -1              45          0.0000;
   316    2.798              -1              86          0.0000;
   317    2.807              -1             136          0.0000;
   318    2.816               0             192          0.0000;
   319    2.824               0             250          0.0000;
   320    2.833               0             303          0.0000;
   321    2.842               0             346          0.0000;
   322    2.851               0             374          0.0000;
   323    2.860               0             383          0.0000;
   324    2.869               0             374          0.0000;
   325    2.878               0             347          0.0000;
   326    2.886               0             303          0.0000;
   327    2.895               0             246          0.0000;
   328    2.904              -1             178          0.0000;
   329    2.913              -1             101          0.0000;
   330    2.922              -1              21          0.0000;
   331    2.931              -1             -60          0.0000;
   332    2.940              -1            -137          0.0000;
   333    2.948              -1            -207          0.0000;
   334    2.957              -2            -266          0.0000;
   335    2.966              -2            -312          0.0000;
   336    2.975              -2            -342          0.0000;
   337    2.984              -3            -355          0.0000;
   338    2.993              -4            -351          0.0000;
   339    3.002              -5            -330          0.0000;
   340    3.010              -6            -293          0.0000;
   341    3.019              -4            -242          0.0000;
   342    3.028              -2            -181          0.0000;
   343    3.037              -1            -110          0.0000;
   344    3.046              -1             -35          0.0000;
   345    3.055              -1              41          0.0000;
   346    3.064               0             115          0.0000;
   347    3.072              -1             183          0.0000;
   348    3.081              -1             242          0.0000;
   349    3.090               0             289          0.0000;
   350    3.099               0             321          0.0000;
   351    3.108               0             338          0.0000;
   352    3.117               0             338          0.0000;
   353    3.126               0             322          0.0000;
   354    3.134               0             291          0.0000;
   355    3.143               0             246          0.0000;
   356    3.152              -1             190          0.0000;
   357    3.161              -1             126          0.0000;
   358    3.170              -1              55          0.0000;
   359    3.179              -1             -17          0.0000;
   360    3.188              -1             -87          0.0000;
   361    3.196              -1            -153          0.0000;
   362    3.205              -1            -211          0.0000;
   363    3.214              -2            -258          0.0000;
   364    3.223              -2            -291          0.0000;
   365    3.232              -2            -311          0.0000;
   366    3.241              -2            -316          0.0000;
   367    3.249              -2            -303          0.0000;
   368    3.258              -2            -277          0.0000;
   369    3.267              -2            -238          0.0000;
   370    3.276              -3            -187          0.0000;
   371    3.285              -1            -127          0.0000;
   372    3.294              -1             -62          0.0000;
   373    3.303              -1               6          0.0000;
   374    3.311              -1              74          0.0000;
   375    3.320              -1             137          0.0000;
   376    3.329              -1             194          0.0000;
   377    3.338              -1             240          0.0000;
   378    3.347              -0             275          0.0000;
   379    3.356              -0             296          0.0000;
   380    3.365              -0             303          0.0000;
   381    3.373               0             295          0.0000;
   382    3.382               0             273          0.0000;
   383    3.391               0             238          0.0000;
   384    3.400               0             192          0.0000;
   385    3.409              -1             138          0.0000;
   386    3.418              -1              77          0.0000;
   387    3.427              -1              13          0.0000;
   388    3.435              -1             -51          0.0000;
   389    3.444              -1            -112          0.0000;
   390    3.453              -1            -167          0.0000;
   391    3.462              -1            -213          0.0000;
   392    3.471              -1            -248          0.0000;
   393    3.480              -2            -271          0.0000;
   394    3.489              -2            -280          0.0000;
   395    3.497              -2            -275          0.0000;
   396    3.506              -2            -257          0.0000;
   397    3.515              -1            -226          0.0000;
   398    3.524              -1            -185          0.0000;
   399    3.533              -1            -134          0.0000;
   400    3.542              -1             -78          0.0000;
   401    3.551              -1             -18          0.0000;
   402    3.559              -1              43          0.0000;
   403    3.568              -1             101          0.0000;
   404    3.577              -1             154          0.0000;
   405    3.586              -1             199          0.0000;
   406    3.595              -0             234          0.0000;
   407    3.604              -0             258          0.0000;
   408    3.613              -0             269          0.0000;
   409    3.621              -0             267          0.0000;
   410    3.630               0             252          0.0000;
   411    3.639               0             225          0.0000;
   412    3.648               0             187          0.0000;
   413    3.657               0             141          0.0000;
   414    3.666              -1              88          0.0000;
   415    3.674              -1              32          0.0000;
   416    3.683              -1             -25          0.0000;
   417    3.692              -1             -80          0.0000;
   418    3.701              -1            -131          0.0000;
   419    3.710              -1            -175          0.0000;
   420    3.719              -1            -210          0.0000;
   421    3.728              -1            -234          0.0000;
   422    3.736              -1            -247          0.0000;
   423    3.745              -1            -246          0.0000;
   424    3.754              -1            -234          0.0000;
   425    3.763              -1            -210          0.0000;
   426    3.772              -1            -177          0.0000;
   427    3.781              -1            -134          0.0000;
   428    3.790              -1             -86          0.0000;
   429    3.798              -1             -33          0.0000;
   430    3.807              -1              21          0.0000;
   431    3.816              -1              74          0.0000;
   432    3.825              -1             122          0.0000;
   433    3.834              -1             165          0.0000;
   434    3.843               0             199          0.0000;
   435    3.852               0             224          0.0000;
   436    3.860               0             237          0.0000;
   437    3.869               0             239          0.0000;
   438    3.878               0             229          0.0000;
   439    3.887               0             208          0.0000;
   440    3.896               0             178          0.0000;
   441    3.905               0             138          0.0000;
   442    3.914              -1              93          0.0000;
   443    3.922              -1              44          0.0000;
   444    3.931              -1              -7          0.0000;
   445    3.940              -1             -57          0.0000;
   446    3.949              -1            -103          0.0000;
   447    3.958              -1            -144          0.0000;
   448    3.967              -1            -178          0.0000;
   449    3.976              -1            -202          0.0000;
   450    3.984              -1            -216          0.0000;
   451    3.993              -1            -220          0.0000;
   452    4.002              -1            -211          0.0000;
   453    4.011              -1            -193          0.0000;
   454    4.020              -1            -165          0.0000;
   455    4.029              -1            -130          0.0000;
   456    4.038              -1             -88          0.0000;
   457    4.046              -1             -42          0.0000;
   458    4.055              -1               6          0.0000;
   459    4.064              -1              53          0.0000;
   460    4.073              -1              98          0.0000;
   461    4.082              -1             137          0.0000;
   462    4.091              -1             170          0.0000;
   463    4.099              -1             194          0.0000;
   464    4.108               0             208          0.0000;
   465    4.117               0             213          0.0000;
   466    4.126               0             206          0.0000;
   467    4.135               0             190          0.0000;
   468    4.144              -1             165          0.0000;
   469    4.153              -1             132          0.0000;
   470    4.161              -1              93          0.0000;
   471    4.170              -1              50          0.0000;
   472    4.179              -1               5          0.0000;
   473    4.188              -1             -39          0.0000;
   474    4.197              -1             -81          0.0000;
   475    4.206              -1            -119          0.0000;
   476    4.215              -1            -150          0.0000;
   477    4.223              -1            -174          0.0000;
   478    4.232              -1            -188          0.0000;
   479    4.241              -1            -194          0.0000;
   480    4.250              -1            -188          0.0000;
   481    4.259              -1            -174          0.0000;
   482    4.268              -1            -151          0.0000;
   483    4.277              -1            -121          0.0000;
   484    4.285              -1             -86          0.0000;
   485    4.294              -1             -46          0.0000;
   486    4.303              -1              -4          0.0000;
   487    4.312              -1              38          0.0000;
   488    4.321              -1              78          0.0000;
   489    4.330              -1             114          0.0000;
   490    4.339              -1             145          0.0000;
   491    4.347              -1             167          0.0000;
   492    4.356              -1             182          0.0000;
   493    4.365              -1             187          0.0000;
   494    4.374              -1             184          0.0000;
   495    4.383              -1             171          0.0000;
   496    4.392              -1             150          0.0000;
   497    4.401              -1             123          0.0000;
   498    4.409              -1              89          0.0000;
   499    4.418              -1              52          0.0000;
   500    4.427              -1              13          0.0000;
   501    4.436              -1             -27          0.0000;
   502    4.445              -1             -64          0.0000;
   503    4.454              -1             -98          0.0000;
   504    4.463              -1            -127          0.0000;
   505    4.471              -1            -149          0.0000;
   506    4.480              -1            -163          0.0000;
   507    4.489              -1            -169          0.0000;
   508    4.498              -1            -166          0.0000;
   509    4.507              -1            -155          0.0000;
   510    4.516              -1            -136          0.0000;
   511    4.524              -1            -111          0.0000;
   512    4.533              -1             -80          0.0000;
   513    4.542              -1             -46          0.0000;
   514    4.551              -1              -9          0.0000;
   515    4.560              -1              28          0.0000;
   516    4.569              -1              64          0.0000;
   517    4.578              -1              96          0.0000;
   518    4.586              -1             123          0.0000;
   519    4.595              -1             144          0.0000;
   520    4.604              -1             158          0.0000;
   521    4.613              -1             165          0.0000;
   522    4.622              -1             162          0.0000;
   523    4.631              -1             152          0.0000;
   524    4.640              -1             135          0.0000;
   525    4.648              -1             111          0.0000;
   526    4.657              -1              83          0.0000;
   527    4.666              -1              50          0.0000;
   528    4.675              -1              16          0.0000;
   529    4.684              -1             -18          0.0000;
   530    4.693              -1             -51          0.0000;
   531    4.702              -1             -82          0.0000;
   532    4.710              -1            -107          0.0000;
   533    4.719              -1            -127          0.0000;
   534    4.728              -1            -140          0.0000;
   535    4.737              -1            -147          0.0000;
   536    4.746              -1            -145          0.0000;
   537    4.755              -1            -136          0.0000;
   538    4.764              -1            -120          0.0000;
   539    4.772              -1             -98          0.0000;
   540    4.781              -1             -72          0.0000;
   541    4.790              -1             -42          0.0000;
   542    4.799              -1             -10          0.0000;
   543    4.808              -1              22          0.0000;
   544    4.817              -1              53          0.0000;
   545    4.826              -1              81          0.0000;
   546    4.834              -1             105          0.0000;
   547    4.843              -1             124          0.0000;
   548    4.852              -1             137          0.0000;
   549    4.861              -1             143          0.0000;
   550    4.870              -1             142          0.0000;
   551    4.879              -1             134          0.0000;
   552    4.888              -1             119          0.0000;
   553    4.896              -1              99          0.0000;
   554    4.905              -1              74          0.0000;
   555    4.914              -1              47          0.0000;
   556    4.923              -1              17          0.0000;
   557    4.932              -1             -13          0.0000;
   558    4.941              -1             -42          0.0000;
   559    4.949              -1             -68          0.0000;
   560    4.958              -1             -90          0.0000;
   561    4.967              -1            -108          0.0000;
   562    4.976              -1            -120          0.0000;
   563    4.985              -1            -126          0.0000;
   564    4.994              -1            -124          0.0000;
   565    5.003              -1            -117          0.0000;
   566    5.011              -1            -104          0.0000;
   567    5.020              -1             -86          0.0000;
   568    5.029              -1             -63          0.0000;
   569    5.038              -1             -38          0.0000;
   570    5.047              -1             -10          0.0000;
   571    5.056              -1              18          0.0000;
   572    5.065              -1              44          0.0000;
   573    5.073              -1              69          0.0000;
   574    5.082              -1              90          0.0000;
   575    5.091              -1             106          0.0000;
   576    5.100              -1             117          0.0000;
   577    5.109              -1             123          0.0000;
   578    5.118              -1             122          0.0000;
   579    5.127              -1             115          0.0000;
   580    5.135              -1             103          0.0000;
   581    5.144              -1              86          0.0000;
   582    5.153              -1              65          0.0000;
   583    5.162              -1              41          0.0000;
   584    5.171              -1              16          0.0000;
   585    5.180              -1             -10          0.0000;
   586    5.189              -1             -34          0.0000;
   587    5.197              -1             -57          0.0000;
   588    5.206              -1             -76          0.0000;
   589    5.215              -1             -91          0.0000;
   590    5.224              -1            -101          0.0000;
   591    5.233              -1            -106          0.0000;
   592    5.242              -1            -105          0.0000;
   593    5.251              -1             -99          0.0000;
   594    5.259              -1             -87          0.0000;
   595    5.268              -1             -72          0.0000;
   596    5.277              -1             -53          0.0000;
   597    5.286              -1             -31          0.0000;
   598    5.295              -1              -8          0.0000;
   599    5.304              -1              16          0.0000;
   600    5.313              -1              38          0.0000;
   601    5.321              -1              59          0.0000;
   602    5.330              -1              77          0.0000;
   603    5.339              -1              91          0.0000;
   604    5.348              -1             100          0.0000;
   605    5.357              -1             104          0.0000;
   606    5.366              -1             103          0.0000;
   607    5.374              -1              98          0.0000;
   608    5.383              -1              87          0.0000;
   609    5.392              -1              72          0.0000;
   610    5.401              -1              54          0.0000;
   611    5.410              -1              34          0.0000;
   612    5.419              -1              13          0.0000;
   613    5.428              -1              -8          0.0000;
   614    5.436              -1             -29          0.0000;
   615    5.445              -1             -48          0.0000;
   616    5.454              -1             -64          0.0000;
   617    5.463              -1             -76          0.0000;
   618    5.472              -1             -84          0.0000;
   619    5.481              -1             -88          0.0000;
   620    5.490              -1             -87          0.0000;
   621    5.498              -1             -81          0.0000;
   622    5.507              -1             -71          0.0000;
   623    5.516              -1             -58          0.0000;
   624    5.525              -1             -42          0.0000;
   625    5.534              -1             -23          0.0000;
   626    5.543              -1              -4          0.0000;
   627    5.552              -1              16          0.0000;
   628    5.560              -1              34          0.0000;
   629    5.569              -1              51          0.0000;
   630    5.578              -1              66          0.0000;
   631    5.587              -1              77          0.0000;
   632    5.596              -1              84          0.0000;
   633    5.605              -1              87          0.0000;
   634    5.614              -1              86          0.0000;
   635    5.622              -1              80          0.0000;
   636    5.631              -1              71          0.0000;
   637    5.640              -1              59          0.0000;
   638    5.649              -1              44          0.0000;
   639    5.658              -1              27          0.0000;
   640    5.667              -1               9          0.0000;
   641    5.676              -1              -8          0.0000;
   642    5.684              -1             -25          0.0000;
   643    5.693              -1             -40          0.0000;
   644    5.702              -1             -53          0.0000;
   645    5.711              -1             -63          0.0000;
   646    5.720              -1             -69          0.0000;
   647    5.729              -1             -72          0.0000;
   648    5.738              -1             -70          0.0000;
   649    5.746              -1             -64          0.0000;
   650    5.755              -1             -56          0.0000;
   651    5.764              -1             -44          0.0000;
   652    5.773              -1             -30          0.0000;
   653    5.782              -1             -15          0.0000;
   654    5.791              -1               1          0.0000;
   655    5.799              -1              17          0.0000;
   656    5.808              -1              32          0.0000;
   657    5.817              -1              45          0.0000;
   658    5.826              -1              56          0.0000;
   659    5.835              -1              65          0.0000;
   660    5.844              -1              70          0.0000;
   661    5.853              -1              71          0.0000;
   662    5.861              -1              69          0.0000;
   663    5.870              -1              64          0.0000;
   664    5.879              -1              56          0.0000;
   665    5.888              -1              45          0.0000;
   666    5.897              -1              32          0.0000;
   667    5.906              -1              18          0.0000;
   668    5.915              -1               4          0.0000;
   669    5.923              -1             -10          0.0000;
   670    5.932              -1             -23          0.0000;
   671    5.941              -1             -35          0.0000;
   672    5.950              -1             -44          0.0000;
   673    5.959              -1             -51          0.0000;
   674    5.968              -1             -55          0.0000;
   675    5.977              -1             -56          0.0000;
   676    5.985              -1             -53          0.0000]
